-1.046400000000000000e+04 nan
-1.040400000000000000e+04 nan
-1.034400000000000000e+04 -2.999999999999999889e-02
-1.028400000000000000e+04 -2.999999999999999889e-02
-1.022400000000000000e+04 -2.000000000000000042e-02
-1.016400000000000000e+04 -2.000000000000000042e-02
-1.010400000000000000e+04 -4.000000000000000083e-02
-1.004400000000000000e+04 -2.999999999999999889e-02
-9.984000000000000000e+03 -2.999999999999999889e-02
-9.924000000000000000e+03 -2.999999999999999889e-02
-9.864000000000000000e+03 -2.999999999999999889e-02
-9.804000000000000000e+03 -2.999999999999999889e-02
-9.744000000000000000e+03 -2.999999999999999889e-02
-9.684000000000000000e+03 -4.000000000000000083e-02
-9.624000000000000000e+03 -2.999999999999999889e-02
-9.564000000000000000e+03 -2.999999999999999889e-02
-9.504000000000000000e+03 -2.999999999999999889e-02
-9.444000000000000000e+03 -2.999999999999999889e-02
-9.384000000000000000e+03 -4.000000000000000083e-02
-9.324000000000000000e+03 -4.000000000000000083e-02
-9.264000000000000000e+03 -2.999999999999999889e-02
-9.204000000000000000e+03 -2.999999999999999889e-02
-9.144000000000000000e+03 -2.999999999999999889e-02
-9.084000000000000000e+03 -2.999999999999999889e-02
-9.024000000000000000e+03 -4.000000000000000083e-02
-8.964000000000000000e+03 -2.999999999999999889e-02
-8.904000000000000000e+03 -2.999999999999999889e-02
-8.844000000000000000e+03 -2.999999999999999889e-02
-8.784000000000000000e+03 -4.000000000000000083e-02
-8.724000000000000000e+03 -2.999999999999999889e-02
-8.664000000000000000e+03 -2.999999999999999889e-02
-8.604000000000000000e+03 -2.999999999999999889e-02
-8.544000000000000000e+03 -2.999999999999999889e-02
-8.484000000000000000e+03 -2.999999999999999889e-02
-8.424000000000000000e+03 -2.000000000000000042e-02
-8.364000000000000000e+03 -2.000000000000000042e-02
-8.304000000000000000e+03 -2.999999999999999889e-02
-8.244000000000000000e+03 -2.000000000000000042e-02
-8.184000000000000000e+03 -2.000000000000000042e-02
-8.124000000000000000e+03 -2.000000000000000042e-02
-8.064000000000000000e+03 -2.000000000000000042e-02
-8.004000000000000000e+03 -2.000000000000000042e-02
-7.944000000000000000e+03 -2.999999999999999889e-02
-7.884000000000000000e+03 -4.000000000000000083e-02
-7.824000000000000000e+03 -2.999999999999999889e-02
-7.764000000000000000e+03 -2.999999999999999889e-02
-7.704000000000000000e+03 -2.000000000000000042e-02
-7.644000000000000000e+03 -2.999999999999999889e-02
-7.584000000000000000e+03 -2.999999999999999889e-02
-7.524000000000000000e+03 -2.999999999999999889e-02
-7.464000000000000000e+03 -2.999999999999999889e-02
-7.404000000000000000e+03 -2.999999999999999889e-02
-7.344000000000000000e+03 -2.000000000000000042e-02
-7.284000000000000000e+03 -2.000000000000000042e-02
-7.224000000000000000e+03 -2.999999999999999889e-02
-7.164000000000000000e+03 -2.000000000000000042e-02
-7.104000000000000000e+03 -2.000000000000000042e-02
-7.044000000000000000e+03 -2.999999999999999889e-02
-6.984000000000000000e+03 -2.000000000000000042e-02
-6.924000000000000000e+03 -2.000000000000000042e-02
-6.864000000000000000e+03 -4.000000000000000083e-02
-6.804000000000000000e+03 -2.999999999999999889e-02
-6.744000000000000000e+03 -2.999999999999999889e-02
-6.684000000000000000e+03 -4.000000000000000083e-02
-6.624000000000000000e+03 -4.000000000000000083e-02
-6.564000000000000000e+03 -2.999999999999999889e-02
-6.504000000000000000e+03 -5.000000000000000278e-02
-6.444000000000000000e+03 -5.000000000000000278e-02
-6.384000000000000000e+03 -4.000000000000000083e-02
-6.324000000000000000e+03 -4.000000000000000083e-02
-6.264000000000000000e+03 -4.000000000000000083e-02
-6.204000000000000000e+03 -4.000000000000000083e-02
-6.144000000000000000e+03 -5.000000000000000278e-02
-6.084000000000000000e+03 -4.000000000000000083e-02
-6.024000000000000000e+03 -4.000000000000000083e-02
-5.964000000000000000e+03 -4.000000000000000083e-02
-5.904000000000000000e+03 -4.000000000000000083e-02
-5.844000000000000000e+03 -4.000000000000000083e-02
-5.784000000000000000e+03 -2.999999999999999889e-02
-5.724000000000000000e+03 -4.000000000000000083e-02
-5.664000000000000000e+03 -2.999999999999999889e-02
-5.604000000000000000e+03 -2.999999999999999889e-02
-5.544000000000000000e+03 -2.999999999999999889e-02
-5.484000000000000000e+03 -2.999999999999999889e-02
-5.424000000000000000e+03 -4.000000000000000083e-02
-5.364000000000000000e+03 -4.000000000000000083e-02
-5.304000000000000000e+03 -4.000000000000000083e-02
-5.244000000000000000e+03 -4.000000000000000083e-02
-5.184000000000000000e+03 -2.999999999999999889e-02
-5.124000000000000000e+03 -4.000000000000000083e-02
-5.064000000000000000e+03 -4.000000000000000083e-02
-5.004000000000000000e+03 -2.999999999999999889e-02
-4.944000000000000000e+03 -4.000000000000000083e-02
-4.884000000000000000e+03 -4.000000000000000083e-02
-4.824000000000000000e+03 -4.000000000000000083e-02
-4.764000000000000000e+03 -4.000000000000000083e-02
-4.704000000000000000e+03 -5.000000000000000278e-02
-4.644000000000000000e+03 -5.000000000000000278e-02
-4.584000000000000000e+03 -5.000000000000000278e-02
-4.524000000000000000e+03 -5.000000000000000278e-02
-4.464000000000000000e+03 -4.000000000000000083e-02
-4.404000000000000000e+03 -4.000000000000000083e-02
-4.344000000000000000e+03 -4.000000000000000083e-02
-4.284000000000000000e+03 -5.000000000000000278e-02
-4.224000000000000000e+03 -5.000000000000000278e-02
-4.164000000000000000e+03 -4.000000000000000083e-02
-4.104000000000000000e+03 -5.000000000000000278e-02
-4.044000000000000000e+03 -4.000000000000000083e-02
-3.984000000000000000e+03 -5.000000000000000278e-02
-3.924000000000000000e+03 -5.000000000000000278e-02
-3.864000000000000000e+03 -4.000000000000000083e-02
-3.804000000000000000e+03 -5.000000000000000278e-02
-3.744000000000000000e+03 -4.000000000000000083e-02
-3.684000000000000000e+03 -4.000000000000000083e-02
-3.624000000000000000e+03 -5.000000000000000278e-02
-3.564000000000000000e+03 -5.000000000000000278e-02
-3.504000000000000000e+03 -5.000000000000000278e-02
-3.444000000000000000e+03 -5.000000000000000278e-02
-3.384000000000000000e+03 -5.000000000000000278e-02
-3.324000000000000000e+03 -5.000000000000000278e-02
-3.264000000000000000e+03 -5.000000000000000278e-02
-3.204000000000000000e+03 -5.000000000000000278e-02
-3.144000000000000000e+03 -4.000000000000000083e-02
-3.084000000000000000e+03 -4.000000000000000083e-02
-3.024000000000000000e+03 -4.000000000000000083e-02
-2.964000000000000000e+03 -4.000000000000000083e-02
-2.904000000000000000e+03 -5.000000000000000278e-02
-2.844000000000000000e+03 -5.999999999999999778e-02
-2.784000000000000000e+03 -5.000000000000000278e-02
-2.724000000000000000e+03 -5.000000000000000278e-02
-2.664000000000000000e+03 -5.000000000000000278e-02
-2.604000000000000000e+03 -5.000000000000000278e-02
-2.544000000000000000e+03 -4.000000000000000083e-02
-2.484000000000000000e+03 -4.000000000000000083e-02
-2.424000000000000000e+03 -4.000000000000000083e-02
-2.364000000000000000e+03 -4.000000000000000083e-02
-2.304000000000000000e+03 -4.000000000000000083e-02
-2.244000000000000000e+03 -2.999999999999999889e-02
-2.184000000000000000e+03 -5.000000000000000278e-02
-2.124000000000000000e+03 -5.000000000000000278e-02
-2.064000000000000000e+03 -4.000000000000000083e-02
-2.004000000000000000e+03 -4.000000000000000083e-02
-1.944000000000000000e+03 -2.999999999999999889e-02
-1.884000000000000000e+03 -4.000000000000000083e-02
-1.824000000000000000e+03 -4.000000000000000083e-02
-1.764000000000000000e+03 -2.999999999999999889e-02
-1.704000000000000000e+03 -2.999999999999999889e-02
-1.644000000000000000e+03 -2.999999999999999889e-02
-1.584000000000000000e+03 -4.000000000000000083e-02
-1.524000000000000000e+03 -4.000000000000000083e-02
-1.464000000000000000e+03 -4.000000000000000083e-02
-1.404000000000000000e+03 -5.000000000000000278e-02
-1.344000000000000000e+03 -5.999999999999999778e-02
-1.284000000000000000e+03 -4.000000000000000083e-02
-1.224000000000000000e+03 -4.000000000000000083e-02
-1.164000000000000000e+03 -5.000000000000000278e-02
-1.104000000000000000e+03 -4.000000000000000083e-02
-1.044000000000000000e+03 -4.000000000000000083e-02
-9.840000000000000000e+02 -4.000000000000000083e-02
-9.240000000000000000e+02 -5.000000000000000278e-02
-8.640000000000000000e+02 -4.000000000000000083e-02
-8.040000000000000000e+02 -4.000000000000000083e-02
-7.440000000000000000e+02 -5.000000000000000278e-02
-6.840000000000000000e+02 -5.000000000000000278e-02
-6.240000000000000000e+02 -5.000000000000000278e-02
-5.640000000000000000e+02 -4.000000000000000083e-02
-5.040000000000000000e+02 -4.000000000000000083e-02
-4.440000000000000000e+02 -4.000000000000000083e-02
-3.840000000000000000e+02 -4.000000000000000083e-02
-3.240000000000000000e+02 -4.000000000000000083e-02
-2.640000000000000000e+02 -5.000000000000000278e-02
-2.040000000000000000e+02 -4.000000000000000083e-02
-1.440000000000000000e+02 -5.000000000000000278e-02
-8.400000000000000000e+01 -5.000000000000000278e-02
-2.400000000000000000e+01 -5.000000000000000278e-02
3.600000000000000000e+01 -5.000000000000000278e-02
9.600000000000000000e+01 -5.000000000000000278e-02
1.560000000000000000e+02 -5.000000000000000278e-02
2.160000000000000000e+02 -5.000000000000000278e-02
2.760000000000000000e+02 -5.000000000000000278e-02
3.360000000000000000e+02 -5.000000000000000278e-02
3.960000000000000000e+02 -5.000000000000000278e-02
4.560000000000000000e+02 -5.000000000000000278e-02
5.160000000000000000e+02 -5.000000000000000278e-02
5.760000000000000000e+02 -4.000000000000000083e-02
6.360000000000000000e+02 -4.000000000000000083e-02
6.960000000000000000e+02 -4.000000000000000083e-02
7.560000000000000000e+02 -4.000000000000000083e-02
8.160000000000000000e+02 -4.000000000000000083e-02
8.760000000000000000e+02 -4.000000000000000083e-02
9.360000000000000000e+02 -4.000000000000000083e-02
9.960000000000000000e+02 -4.000000000000000083e-02
1.056000000000000000e+03 -5.000000000000000278e-02
1.116000000000000000e+03 -5.000000000000000278e-02
1.176000000000000000e+03 -4.000000000000000083e-02
1.236000000000000000e+03 -5.000000000000000278e-02
1.296000000000000000e+03 -5.000000000000000278e-02
1.356000000000000000e+03 -4.000000000000000083e-02
1.416000000000000000e+03 -4.000000000000000083e-02
1.476000000000000000e+03 -4.000000000000000083e-02
1.536000000000000000e+03 -4.000000000000000083e-02
1.596000000000000000e+03 -4.000000000000000083e-02
1.656000000000000000e+03 -5.000000000000000278e-02
1.716000000000000000e+03 -4.000000000000000083e-02
1.776000000000000000e+03 -4.000000000000000083e-02
1.836000000000000000e+03 -4.000000000000000083e-02
1.896000000000000000e+03 -4.000000000000000083e-02
1.956000000000000000e+03 -4.000000000000000083e-02
2.016000000000000000e+03 -2.999999999999999889e-02
2.076000000000000000e+03 -2.999999999999999889e-02
2.136000000000000000e+03 -4.000000000000000083e-02
2.196000000000000000e+03 -4.000000000000000083e-02
2.256000000000000000e+03 -2.999999999999999889e-02
2.316000000000000000e+03 -4.000000000000000083e-02
2.376000000000000000e+03 -5.000000000000000278e-02
2.436000000000000000e+03 -5.999999999999999778e-02
2.496000000000000000e+03 -4.000000000000000083e-02
2.556000000000000000e+03 -5.999999999999999778e-02
2.616000000000000000e+03 -5.999999999999999778e-02
2.676000000000000000e+03 -5.000000000000000278e-02
2.736000000000000000e+03 -2.999999999999999889e-02
2.796000000000000000e+03 -2.999999999999999889e-02
2.856000000000000000e+03 -4.000000000000000083e-02
2.916000000000000000e+03 -2.999999999999999889e-02
2.976000000000000000e+03 -2.000000000000000042e-02
3.036000000000000000e+03 -2.999999999999999889e-02
3.096000000000000000e+03 -2.999999999999999889e-02
3.156000000000000000e+03 -2.000000000000000042e-02
3.216000000000000000e+03 -2.999999999999999889e-02
3.276000000000000000e+03 -2.000000000000000042e-02
3.336000000000000000e+03 -2.000000000000000042e-02
3.396000000000000000e+03 -1.000000000000000021e-02
3.456000000000000000e+03 -2.000000000000000042e-02
3.516000000000000000e+03 -2.999999999999999889e-02
3.576000000000000000e+03 -2.999999999999999889e-02
3.636000000000000000e+03 -2.999999999999999889e-02
3.696000000000000000e+03 -5.000000000000000278e-02
3.756000000000000000e+03 -7.000000000000000666e-02
3.816000000000000000e+03 -5.000000000000000278e-02
3.876000000000000000e+03 -5.000000000000000278e-02
3.936000000000000000e+03 -5.999999999999999778e-02
3.996000000000000000e+03 -5.000000000000000278e-02
4.056000000000000000e+03 -2.999999999999999889e-02
4.116000000000000000e+03 -2.999999999999999889e-02
4.176000000000000000e+03 -2.999999999999999889e-02
4.236000000000000000e+03 -2.999999999999999889e-02
4.296000000000000000e+03 -2.000000000000000042e-02
4.356000000000000000e+03 -2.999999999999999889e-02
4.416000000000000000e+03 -2.999999999999999889e-02
4.476000000000000000e+03 -2.000000000000000042e-02
4.536000000000000000e+03 -2.999999999999999889e-02
4.596000000000000000e+03 -2.999999999999999889e-02
4.656000000000000000e+03 -2.000000000000000042e-02
4.716000000000000000e+03 -2.999999999999999889e-02
4.776000000000000000e+03 -2.999999999999999889e-02
4.836000000000000000e+03 -4.000000000000000083e-02
4.896000000000000000e+03 -4.000000000000000083e-02
4.956000000000000000e+03 -4.000000000000000083e-02
5.016000000000000000e+03 -4.000000000000000083e-02
5.076000000000000000e+03 -5.000000000000000278e-02
5.136000000000000000e+03 -5.000000000000000278e-02
5.196000000000000000e+03 -5.000000000000000278e-02
5.256000000000000000e+03 -4.000000000000000083e-02
5.316000000000000000e+03 -2.999999999999999889e-02
5.376000000000000000e+03 -4.000000000000000083e-02
5.436000000000000000e+03 -2.999999999999999889e-02
5.496000000000000000e+03 -2.000000000000000042e-02
5.556000000000000000e+03 -2.999999999999999889e-02
5.616000000000000000e+03 -2.999999999999999889e-02
5.676000000000000000e+03 -2.000000000000000042e-02
5.736000000000000000e+03 -2.000000000000000042e-02
5.796000000000000000e+03 -2.000000000000000042e-02
5.856000000000000000e+03 -1.000000000000000021e-02
5.916000000000000000e+03 -2.000000000000000042e-02
5.976000000000000000e+03 -2.000000000000000042e-02
6.036000000000000000e+03 -2.999999999999999889e-02
6.096000000000000000e+03 -2.999999999999999889e-02
6.156000000000000000e+03 -2.999999999999999889e-02
6.216000000000000000e+03 -4.000000000000000083e-02
6.276000000000000000e+03 -4.000000000000000083e-02
6.336000000000000000e+03 -4.000000000000000083e-02
6.396000000000000000e+03 -4.000000000000000083e-02
6.456000000000000000e+03 -5.000000000000000278e-02
6.516000000000000000e+03 -2.999999999999999889e-02
6.576000000000000000e+03 -2.999999999999999889e-02
6.636000000000000000e+03 -4.000000000000000083e-02
6.696000000000000000e+03 -2.999999999999999889e-02
6.756000000000000000e+03 -2.999999999999999889e-02
6.816000000000000000e+03 -4.000000000000000083e-02
6.876000000000000000e+03 -4.000000000000000083e-02
6.936000000000000000e+03 -5.000000000000000278e-02
6.996000000000000000e+03 -5.000000000000000278e-02
7.056000000000000000e+03 -4.000000000000000083e-02
7.116000000000000000e+03 -4.000000000000000083e-02
7.176000000000000000e+03 -2.999999999999999889e-02
7.236000000000000000e+03 -2.000000000000000042e-02
7.296000000000000000e+03 -2.999999999999999889e-02
7.356000000000000000e+03 -4.000000000000000083e-02
7.416000000000000000e+03 -4.000000000000000083e-02
7.476000000000000000e+03 -4.000000000000000083e-02
7.536000000000000000e+03 -5.000000000000000278e-02
7.596000000000000000e+03 -5.000000000000000278e-02
7.656000000000000000e+03 -4.000000000000000083e-02
7.716000000000000000e+03 -4.000000000000000083e-02
7.776000000000000000e+03 -4.000000000000000083e-02
7.836000000000000000e+03 -4.000000000000000083e-02
7.896000000000000000e+03 -2.000000000000000042e-02
7.956000000000000000e+03 -2.000000000000000042e-02
8.016000000000000000e+03 -2.999999999999999889e-02
8.076000000000000000e+03 -2.999999999999999889e-02
8.136000000000000000e+03 -2.999999999999999889e-02
8.196000000000000000e+03 -2.999999999999999889e-02
8.256000000000000000e+03 -2.999999999999999889e-02
8.316000000000000000e+03 -2.999999999999999889e-02
8.376000000000000000e+03 -2.999999999999999889e-02
8.436000000000000000e+03 -2.999999999999999889e-02
8.496000000000000000e+03 -4.000000000000000083e-02
8.556000000000000000e+03 -2.999999999999999889e-02
8.616000000000000000e+03 -2.000000000000000042e-02
8.676000000000000000e+03 -4.000000000000000083e-02
8.736000000000000000e+03 -4.000000000000000083e-02
8.796000000000000000e+03 -2.999999999999999889e-02
8.856000000000000000e+03 -2.999999999999999889e-02
8.916000000000000000e+03 -4.000000000000000083e-02
8.976000000000000000e+03 -4.000000000000000083e-02
9.036000000000000000e+03 -2.999999999999999889e-02
9.096000000000000000e+03 -2.999999999999999889e-02
9.156000000000000000e+03 -2.999999999999999889e-02
9.216000000000000000e+03 -2.999999999999999889e-02
9.276000000000000000e+03 -2.000000000000000042e-02
9.336000000000000000e+03 -1.000000000000000021e-02
9.396000000000000000e+03 -2.999999999999999889e-02
9.456000000000000000e+03 -2.000000000000000042e-02
9.516000000000000000e+03 -2.000000000000000042e-02
9.576000000000000000e+03 -2.999999999999999889e-02
9.636000000000000000e+03 -4.000000000000000083e-02
9.696000000000000000e+03 -2.999999999999999889e-02
9.756000000000000000e+03 -4.000000000000000083e-02
9.816000000000000000e+03 -2.999999999999999889e-02
9.876000000000000000e+03 -4.000000000000000083e-02
9.936000000000000000e+03 -4.000000000000000083e-02
9.996000000000000000e+03 -4.000000000000000083e-02
1.005600000000000000e+04 -2.999999999999999889e-02
1.011600000000000000e+04 -5.000000000000000278e-02
1.017600000000000000e+04 -4.000000000000000083e-02
1.023600000000000000e+04 -4.000000000000000083e-02
1.029600000000000000e+04 -2.999999999999999889e-02
1.035600000000000000e+04 -4.000000000000000083e-02
1.041600000000000000e+04 -2.999999999999999889e-02
1.047600000000000000e+04 -2.999999999999999889e-02
1.053600000000000000e+04 -4.000000000000000083e-02
1.059600000000000000e+04 -4.000000000000000083e-02
1.065600000000000000e+04 -4.000000000000000083e-02
1.071600000000000000e+04 -4.000000000000000083e-02
1.077600000000000000e+04 -5.000000000000000278e-02
1.083600000000000000e+04 -4.000000000000000083e-02
1.089600000000000000e+04 -2.999999999999999889e-02
1.095600000000000000e+04 -4.000000000000000083e-02
1.101600000000000000e+04 -5.000000000000000278e-02
1.107600000000000000e+04 -5.000000000000000278e-02
1.113600000000000000e+04 -4.000000000000000083e-02
1.119600000000000000e+04 -5.000000000000000278e-02
1.125600000000000000e+04 -5.999999999999999778e-02
1.131600000000000000e+04 -5.000000000000000278e-02
1.137600000000000000e+04 -5.000000000000000278e-02
1.143600000000000000e+04 -5.999999999999999778e-02
1.149600000000000000e+04 -5.000000000000000278e-02
1.155600000000000000e+04 -2.999999999999999889e-02
1.161600000000000000e+04 -4.000000000000000083e-02
1.167600000000000000e+04 -4.000000000000000083e-02
1.173600000000000000e+04 -5.000000000000000278e-02
1.179600000000000000e+04 -2.999999999999999889e-02
1.185600000000000000e+04 -2.999999999999999889e-02
1.191600000000000000e+04 -4.000000000000000083e-02
1.197600000000000000e+04 -4.000000000000000083e-02
1.203600000000000000e+04 -2.999999999999999889e-02
1.209600000000000000e+04 -4.000000000000000083e-02
1.215600000000000000e+04 -5.000000000000000278e-02
1.221600000000000000e+04 -4.000000000000000083e-02
1.227600000000000000e+04 -4.000000000000000083e-02
1.233600000000000000e+04 -5.000000000000000278e-02
1.239600000000000000e+04 -4.000000000000000083e-02
1.245600000000000000e+04 -4.000000000000000083e-02
1.251600000000000000e+04 -4.000000000000000083e-02
1.257600000000000000e+04 -4.000000000000000083e-02
1.263600000000000000e+04 -4.000000000000000083e-02
1.269600000000000000e+04 -4.000000000000000083e-02
1.275600000000000000e+04 -5.000000000000000278e-02
1.281600000000000000e+04 -5.000000000000000278e-02
1.287600000000000000e+04 -4.000000000000000083e-02
1.293600000000000000e+04 -2.999999999999999889e-02
1.299600000000000000e+04 -2.000000000000000042e-02
1.305600000000000000e+04 -2.999999999999999889e-02
1.311600000000000000e+04 -2.999999999999999889e-02
1.317600000000000000e+04 -2.999999999999999889e-02
1.323600000000000000e+04 -5.000000000000000278e-02
1.329600000000000000e+04 -4.000000000000000083e-02
1.335600000000000000e+04 -4.000000000000000083e-02
1.341600000000000000e+04 -4.000000000000000083e-02
1.347600000000000000e+04 -5.000000000000000278e-02
1.353600000000000000e+04 -5.000000000000000278e-02
1.359600000000000000e+04 -5.999999999999999778e-02
1.365600000000000000e+04 -5.000000000000000278e-02
1.371600000000000000e+04 -5.000000000000000278e-02
1.377600000000000000e+04 -5.999999999999999778e-02
1.383600000000000000e+04 -5.999999999999999778e-02
1.389600000000000000e+04 -7.000000000000000666e-02
1.395600000000000000e+04 -5.999999999999999778e-02
1.401600000000000000e+04 -5.000000000000000278e-02
1.407600000000000000e+04 -5.000000000000000278e-02
1.413600000000000000e+04 -5.000000000000000278e-02
1.419600000000000000e+04 -5.000000000000000278e-02
1.425600000000000000e+04 -4.000000000000000083e-02
1.431600000000000000e+04 -5.000000000000000278e-02
1.437600000000000000e+04 -4.000000000000000083e-02
1.443600000000000000e+04 -4.000000000000000083e-02
1.449600000000000000e+04 -2.999999999999999889e-02
1.455600000000000000e+04 -4.000000000000000083e-02
1.461600000000000000e+04 -4.000000000000000083e-02
1.467600000000000000e+04 -5.000000000000000278e-02
1.473600000000000000e+04 -2.999999999999999889e-02
1.479600000000000000e+04 -4.000000000000000083e-02
1.485600000000000000e+04 -4.000000000000000083e-02
1.491600000000000000e+04 -4.000000000000000083e-02
1.497600000000000000e+04 -4.000000000000000083e-02
1.503600000000000000e+04 -5.000000000000000278e-02
1.509600000000000000e+04 -5.000000000000000278e-02
1.515600000000000000e+04 -5.999999999999999778e-02
1.521600000000000000e+04 -5.000000000000000278e-02
1.527600000000000000e+04 -5.000000000000000278e-02
1.533600000000000000e+04 -5.999999999999999778e-02
1.539600000000000000e+04 -5.999999999999999778e-02
1.545600000000000000e+04 -4.000000000000000083e-02
1.551600000000000000e+04 -4.000000000000000083e-02
1.557600000000000000e+04 -4.000000000000000083e-02
1.563600000000000000e+04 -5.000000000000000278e-02
1.569600000000000000e+04 -4.000000000000000083e-02
1.575600000000000000e+04 -4.000000000000000083e-02
1.581600000000000000e+04 -4.000000000000000083e-02
1.587600000000000000e+04 -4.000000000000000083e-02
1.593600000000000000e+04 -4.000000000000000083e-02
1.599600000000000000e+04 -2.999999999999999889e-02
1.605600000000000000e+04 -4.000000000000000083e-02
1.611600000000000000e+04 -4.000000000000000083e-02
1.617600000000000000e+04 -2.999999999999999889e-02
1.623600000000000000e+04 -2.999999999999999889e-02
1.629600000000000000e+04 -2.999999999999999889e-02
1.635600000000000000e+04 -4.000000000000000083e-02
1.641600000000000000e+04 -4.000000000000000083e-02
1.647600000000000000e+04 -5.000000000000000278e-02
1.653600000000000000e+04 -5.000000000000000278e-02
1.659600000000000000e+04 -5.000000000000000278e-02
1.665600000000000000e+04 -5.000000000000000278e-02
1.671600000000000000e+04 -5.999999999999999778e-02
1.677600000000000000e+04 -5.000000000000000278e-02
1.683600000000000000e+04 -4.000000000000000083e-02
1.689600000000000000e+04 -4.000000000000000083e-02
1.695600000000000000e+04 -4.000000000000000083e-02
1.701600000000000000e+04 -2.999999999999999889e-02
1.707600000000000000e+04 -2.000000000000000042e-02
1.713600000000000000e+04 -2.999999999999999889e-02
1.719600000000000000e+04 -2.999999999999999889e-02
1.725600000000000000e+04 -4.000000000000000083e-02
1.731600000000000000e+04 -2.999999999999999889e-02
1.737600000000000000e+04 -4.000000000000000083e-02
1.743600000000000000e+04 -5.000000000000000278e-02
1.749600000000000000e+04 -5.000000000000000278e-02
1.755600000000000000e+04 -4.000000000000000083e-02
1.761600000000000000e+04 -2.999999999999999889e-02
1.767600000000000000e+04 -4.000000000000000083e-02
1.773600000000000000e+04 -4.000000000000000083e-02
1.779600000000000000e+04 -4.000000000000000083e-02
1.785600000000000000e+04 -5.000000000000000278e-02
1.791600000000000000e+04 -5.999999999999999778e-02
1.797600000000000000e+04 -4.000000000000000083e-02
1.803600000000000000e+04 -4.000000000000000083e-02
1.809600000000000000e+04 -4.000000000000000083e-02
1.815600000000000000e+04 -5.000000000000000278e-02
1.821600000000000000e+04 -4.000000000000000083e-02
1.827600000000000000e+04 -2.000000000000000042e-02
1.833600000000000000e+04 -2.999999999999999889e-02
1.839600000000000000e+04 -4.000000000000000083e-02
1.845600000000000000e+04 -4.000000000000000083e-02
1.851600000000000000e+04 -2.000000000000000042e-02
1.857600000000000000e+04 -2.999999999999999889e-02
1.863600000000000000e+04 -2.999999999999999889e-02
1.869600000000000000e+04 -2.999999999999999889e-02
1.875600000000000000e+04 -2.000000000000000042e-02
1.881600000000000000e+04 -2.000000000000000042e-02
1.887600000000000000e+04 -2.999999999999999889e-02
1.893600000000000000e+04 -2.999999999999999889e-02
1.899600000000000000e+04 -2.999999999999999889e-02
1.905600000000000000e+04 -4.000000000000000083e-02
1.911600000000000000e+04 -4.000000000000000083e-02
1.917600000000000000e+04 -4.000000000000000083e-02
1.923600000000000000e+04 -5.000000000000000278e-02
1.929600000000000000e+04 -4.000000000000000083e-02
1.935600000000000000e+04 -4.000000000000000083e-02
1.941600000000000000e+04 -2.000000000000000042e-02
1.947600000000000000e+04 -2.999999999999999889e-02
1.953600000000000000e+04 -4.000000000000000083e-02
1.959600000000000000e+04 -2.999999999999999889e-02
1.965600000000000000e+04 -2.000000000000000042e-02
1.971600000000000000e+04 -2.999999999999999889e-02
1.977600000000000000e+04 -2.999999999999999889e-02
1.983600000000000000e+04 -2.000000000000000042e-02
1.989600000000000000e+04 -2.000000000000000042e-02
1.995600000000000000e+04 -2.999999999999999889e-02
2.001600000000000000e+04 -2.999999999999999889e-02
2.007600000000000000e+04 -2.999999999999999889e-02
2.013600000000000000e+04 -2.000000000000000042e-02
2.019600000000000000e+04 -4.000000000000000083e-02
2.025600000000000000e+04 -4.000000000000000083e-02
2.031600000000000000e+04 -2.999999999999999889e-02
2.037600000000000000e+04 -2.999999999999999889e-02
2.043600000000000000e+04 -4.000000000000000083e-02
2.049600000000000000e+04 -4.000000000000000083e-02
2.055600000000000000e+04 -2.999999999999999889e-02
2.061600000000000000e+04 -2.999999999999999889e-02
2.067600000000000000e+04 -4.000000000000000083e-02
2.073600000000000000e+04 -4.000000000000000083e-02
2.079600000000000000e+04 -2.999999999999999889e-02
2.085600000000000000e+04 -2.999999999999999889e-02
2.091600000000000000e+04 -4.000000000000000083e-02
2.097600000000000000e+04 -2.999999999999999889e-02
2.103600000000000000e+04 -2.999999999999999889e-02
2.109600000000000000e+04 -2.999999999999999889e-02
2.115600000000000000e+04 -4.000000000000000083e-02
2.121600000000000000e+04 -2.999999999999999889e-02
2.127600000000000000e+04 -2.999999999999999889e-02
2.133600000000000000e+04 -4.000000000000000083e-02
2.139600000000000000e+04 -2.999999999999999889e-02
2.145600000000000000e+04 -2.999999999999999889e-02
2.151600000000000000e+04 -4.000000000000000083e-02
2.157600000000000000e+04 -4.000000000000000083e-02
2.163600000000000000e+04 -2.999999999999999889e-02
2.169600000000000000e+04 -4.000000000000000083e-02
2.175600000000000000e+04 -5.000000000000000278e-02
2.181600000000000000e+04 -5.000000000000000278e-02
2.187600000000000000e+04 -4.000000000000000083e-02
2.193600000000000000e+04 -2.999999999999999889e-02
2.199600000000000000e+04 -4.000000000000000083e-02
2.205600000000000000e+04 -2.999999999999999889e-02
2.211600000000000000e+04 -2.999999999999999889e-02
2.217600000000000000e+04 -2.999999999999999889e-02
2.223600000000000000e+04 -2.999999999999999889e-02
2.229600000000000000e+04 -2.999999999999999889e-02
2.235600000000000000e+04 -2.000000000000000042e-02
2.241600000000000000e+04 -4.000000000000000083e-02
2.247600000000000000e+04 -4.000000000000000083e-02
2.253600000000000000e+04 -4.000000000000000083e-02
2.259600000000000000e+04 -2.999999999999999889e-02
2.265600000000000000e+04 -5.000000000000000278e-02
2.271600000000000000e+04 -5.000000000000000278e-02
2.277600000000000000e+04 -5.000000000000000278e-02
2.283600000000000000e+04 -4.000000000000000083e-02
2.289600000000000000e+04 -4.000000000000000083e-02
2.295600000000000000e+04 -5.000000000000000278e-02
2.301600000000000000e+04 -4.000000000000000083e-02
2.307600000000000000e+04 -2.999999999999999889e-02
2.313600000000000000e+04 -4.000000000000000083e-02
2.319600000000000000e+04 -4.000000000000000083e-02
2.325600000000000000e+04 -2.999999999999999889e-02
2.331600000000000000e+04 -2.999999999999999889e-02
2.337600000000000000e+04 -4.000000000000000083e-02
2.343600000000000000e+04 -4.000000000000000083e-02
2.349600000000000000e+04 -4.000000000000000083e-02
2.355600000000000000e+04 -2.999999999999999889e-02
2.361600000000000000e+04 -4.000000000000000083e-02
2.367600000000000000e+04 -5.000000000000000278e-02
2.373600000000000000e+04 -5.000000000000000278e-02
2.379600000000000000e+04 -4.000000000000000083e-02
2.385600000000000000e+04 -5.000000000000000278e-02
2.391600000000000000e+04 -5.999999999999999778e-02
2.397600000000000000e+04 -5.999999999999999778e-02
2.403600000000000000e+04 -5.999999999999999778e-02
2.409600000000000000e+04 -4.000000000000000083e-02
2.415600000000000000e+04 -5.000000000000000278e-02
2.421600000000000000e+04 -5.000000000000000278e-02
2.427600000000000000e+04 -4.000000000000000083e-02
2.433600000000000000e+04 -2.999999999999999889e-02
2.439600000000000000e+04 -2.999999999999999889e-02
2.445600000000000000e+04 -4.000000000000000083e-02
2.451600000000000000e+04 -4.000000000000000083e-02
2.457600000000000000e+04 -4.000000000000000083e-02
2.463600000000000000e+04 -4.000000000000000083e-02
2.469600000000000000e+04 -5.999999999999999778e-02
2.475600000000000000e+04 -5.999999999999999778e-02
2.481600000000000000e+04 -4.000000000000000083e-02
2.487600000000000000e+04 -4.000000000000000083e-02
2.493600000000000000e+04 -4.000000000000000083e-02
2.499600000000000000e+04 -4.000000000000000083e-02
2.505600000000000000e+04 -4.000000000000000083e-02
2.511600000000000000e+04 -4.000000000000000083e-02
2.517600000000000000e+04 -5.000000000000000278e-02
2.523600000000000000e+04 -5.000000000000000278e-02
2.529600000000000000e+04 -5.000000000000000278e-02
2.535600000000000000e+04 -5.000000000000000278e-02
2.541600000000000000e+04 -4.000000000000000083e-02
2.547600000000000000e+04 -4.000000000000000083e-02
2.553600000000000000e+04 -4.000000000000000083e-02
2.559600000000000000e+04 -2.000000000000000042e-02
2.565600000000000000e+04 -1.000000000000000021e-02
2.571600000000000000e+04 -2.999999999999999889e-02
2.577600000000000000e+04 -2.999999999999999889e-02
2.583600000000000000e+04 -4.000000000000000083e-02
2.589600000000000000e+04 -4.000000000000000083e-02
2.595600000000000000e+04 -5.000000000000000278e-02
2.601600000000000000e+04 -5.999999999999999778e-02
2.607600000000000000e+04 -5.999999999999999778e-02
2.613600000000000000e+04 -5.000000000000000278e-02
2.619600000000000000e+04 -5.000000000000000278e-02
2.625600000000000000e+04 -5.000000000000000278e-02
2.631600000000000000e+04 -5.000000000000000278e-02
2.637600000000000000e+04 -5.999999999999999778e-02
2.643600000000000000e+04 -5.999999999999999778e-02
2.649600000000000000e+04 -5.000000000000000278e-02
2.655600000000000000e+04 -7.000000000000000666e-02
2.661600000000000000e+04 -5.999999999999999778e-02
2.667600000000000000e+04 -5.999999999999999778e-02
2.673600000000000000e+04 -5.000000000000000278e-02
2.679600000000000000e+04 -4.000000000000000083e-02
2.685600000000000000e+04 -4.000000000000000083e-02
2.691600000000000000e+04 -5.999999999999999778e-02
2.697600000000000000e+04 -4.000000000000000083e-02
2.703600000000000000e+04 -2.999999999999999889e-02
2.709600000000000000e+04 -2.999999999999999889e-02
2.715600000000000000e+04 -1.000000000000000021e-02
2.721600000000000000e+04 0.000000000000000000e+00
2.727600000000000000e+04 5.999999999999999778e-02
2.733600000000000000e+04 1.199999999999999956e-01
2.739600000000000000e+04 2.000000000000000111e-01
2.745600000000000000e+04 2.800000000000000266e-01
2.751600000000000000e+04 4.000000000000000222e-01
2.757600000000000000e+04 5.100000000000000089e-01
2.763600000000000000e+04 5.999999999999999778e-01
2.769600000000000000e+04 6.500000000000000222e-01
2.775600000000000000e+04 6.700000000000000400e-01
2.781600000000000000e+04 6.500000000000000222e-01
2.787600000000000000e+04 5.500000000000000444e-01
2.793600000000000000e+04 4.400000000000000022e-01
2.799600000000000000e+04 3.099999999999999978e-01
2.805600000000000000e+04 1.900000000000000022e-01
2.811600000000000000e+04 8.000000000000000167e-02
2.817600000000000000e+04 1.000000000000000021e-02
2.823600000000000000e+04 -2.999999999999999889e-02
2.829600000000000000e+04 -5.999999999999999778e-02
2.835600000000000000e+04 -1.000000000000000056e-01
2.841600000000000000e+04 -1.700000000000000122e-01
2.847600000000000000e+04 -2.700000000000000178e-01
2.853600000000000000e+04 -3.900000000000000133e-01
2.859600000000000000e+04 -5.400000000000000355e-01
2.865600000000000000e+04 -6.700000000000000400e-01
2.871600000000000000e+04 -7.199999999999999734e-01
2.877600000000000000e+04 -6.800000000000000488e-01
2.883600000000000000e+04 -5.400000000000000355e-01
2.889600000000000000e+04 -3.699999999999999956e-01
2.895600000000000000e+04 -2.399999999999999911e-01
2.901600000000000000e+04 -1.700000000000000122e-01
2.907600000000000000e+04 -1.600000000000000033e-01
2.913600000000000000e+04 -2.200000000000000011e-01
2.919600000000000000e+04 -4.500000000000000111e-01
2.925600000000000000e+04 -6.899999999999999467e-01
2.931600000000000000e+04 -8.399999999999999689e-01
2.937600000000000000e+04 -8.199999999999999512e-01
2.943600000000000000e+04 -6.300000000000000044e-01
2.949600000000000000e+04 -3.499999999999999778e-01
2.955600000000000000e+04 -1.300000000000000044e-01
2.961600000000000000e+04 2.999999999999999889e-02
2.967600000000000000e+04 1.799999999999999933e-01
2.973600000000000000e+04 1.199999999999999956e-01
2.979600000000000000e+04 -2.000000000000000042e-02
2.985600000000000000e+04 -1.300000000000000044e-01
2.991600000000000000e+04 -2.500000000000000000e-01
2.997600000000000000e+04 -2.500000000000000000e-01
3.003600000000000000e+04 -1.199999999999999956e-01
3.009600000000000000e+04 8.999999999999999667e-02
3.015600000000000000e+04 3.599999999999999867e-01
3.021600000000000000e+04 5.699999999999999512e-01
3.027600000000000000e+04 5.999999999999999778e-01
3.033600000000000000e+04 5.699999999999999512e-01
3.039600000000000000e+04 5.400000000000000355e-01
3.045600000000000000e+04 4.799999999999999822e-01
3.051600000000000000e+04 4.000000000000000222e-01
3.057600000000000000e+04 3.300000000000000155e-01
3.063600000000000000e+04 3.400000000000000244e-01
3.069600000000000000e+04 4.199999999999999845e-01
3.075600000000000000e+04 4.500000000000000111e-01
3.081600000000000000e+04 4.500000000000000111e-01
3.087600000000000000e+04 4.000000000000000222e-01
3.093600000000000000e+04 3.099999999999999978e-01
3.099600000000000000e+04 1.700000000000000122e-01
3.105600000000000000e+04 2.000000000000000042e-02
3.111600000000000000e+04 -8.000000000000000167e-02
3.117600000000000000e+04 -1.300000000000000044e-01
3.123600000000000000e+04 -1.799999999999999933e-01
3.129600000000000000e+04 -2.700000000000000178e-01
3.135600000000000000e+04 -3.099999999999999978e-01
3.141600000000000000e+04 -3.400000000000000244e-01
3.147600000000000000e+04 -3.499999999999999778e-01
3.153600000000000000e+04 -4.000000000000000222e-01
3.159600000000000000e+04 -4.600000000000000200e-01
3.165600000000000000e+04 -4.199999999999999845e-01
3.171600000000000000e+04 -3.400000000000000244e-01
3.177600000000000000e+04 -3.099999999999999978e-01
3.183600000000000000e+04 -3.400000000000000244e-01
3.189600000000000000e+04 -4.099999999999999756e-01
3.195600000000000000e+04 -4.699999999999999734e-01
3.201600000000000000e+04 -5.300000000000000266e-01
3.207600000000000000e+04 -6.199999999999999956e-01
3.213600000000000000e+04 -6.400000000000000133e-01
3.219600000000000000e+04 -5.200000000000000178e-01
3.225600000000000000e+04 -3.099999999999999978e-01
3.231600000000000000e+04 -5.000000000000000278e-02
3.237600000000000000e+04 1.300000000000000044e-01
3.243600000000000000e+04 2.399999999999999911e-01
3.249600000000000000e+04 1.600000000000000033e-01
3.255600000000000000e+04 0.000000000000000000e+00
3.261600000000000000e+04 -1.900000000000000022e-01
3.267600000000000000e+04 -3.099999999999999978e-01
3.273600000000000000e+04 -2.899999999999999800e-01
3.279600000000000000e+04 -1.499999999999999944e-01
3.285600000000000000e+04 -2.000000000000000042e-02
3.291600000000000000e+04 1.600000000000000033e-01
3.297600000000000000e+04 4.099999999999999756e-01
3.303600000000000000e+04 5.200000000000000178e-01
3.309600000000000000e+04 3.300000000000000155e-01
3.315600000000000000e+04 1.600000000000000033e-01
3.321600000000000000e+04 5.999999999999999778e-02
3.327600000000000000e+04 2.999999999999999889e-02
3.333600000000000000e+04 -4.000000000000000083e-02
3.339600000000000000e+04 -1.000000000000000021e-02
3.345600000000000000e+04 1.499999999999999944e-01
3.351600000000000000e+04 4.000000000000000222e-01
3.357600000000000000e+04 4.199999999999999845e-01
3.363600000000000000e+04 3.699999999999999956e-01
3.369600000000000000e+04 2.899999999999999800e-01
3.375600000000000000e+04 1.799999999999999933e-01
3.381600000000000000e+04 1.000000000000000021e-02
3.387600000000000000e+04 -1.700000000000000122e-01
3.393600000000000000e+04 -2.899999999999999800e-01
3.399600000000000000e+04 -2.399999999999999911e-01
3.405600000000000000e+04 -1.499999999999999944e-01
3.411600000000000000e+04 -1.700000000000000122e-01
3.417600000000000000e+04 -2.200000000000000011e-01
3.423600000000000000e+04 -2.300000000000000100e-01
3.429600000000000000e+04 -2.099999999999999922e-01
3.435600000000000000e+04 -2.399999999999999911e-01
3.441600000000000000e+04 -3.699999999999999956e-01
3.447600000000000000e+04 -4.899999999999999911e-01
3.453600000000000000e+04 -4.899999999999999911e-01
3.459600000000000000e+04 -4.199999999999999845e-01
3.465600000000000000e+04 -4.299999999999999933e-01
3.471600000000000000e+04 -5.500000000000000444e-01
3.477600000000000000e+04 -6.700000000000000400e-01
3.483600000000000000e+04 -6.700000000000000400e-01
3.489600000000000000e+04 -5.100000000000000089e-01
3.495600000000000000e+04 -4.299999999999999933e-01
3.501600000000000000e+04 -4.400000000000000022e-01
3.507600000000000000e+04 -3.800000000000000044e-01
3.513600000000000000e+04 1.000000000000000021e-02
3.519600000000000000e+04 3.599999999999999867e-01
3.525600000000000000e+04 3.200000000000000067e-01
3.531600000000000000e+04 2.600000000000000089e-01
3.537600000000000000e+04 4.000000000000000222e-01
3.543600000000000000e+04 4.400000000000000022e-01
3.549600000000000000e+04 3.300000000000000155e-01
3.555600000000000000e+04 2.800000000000000266e-01
3.561600000000000000e+04 3.699999999999999956e-01
3.567600000000000000e+04 4.600000000000000200e-01
3.573600000000000000e+04 5.100000000000000089e-01
3.579600000000000000e+04 5.600000000000000533e-01
3.585600000000000000e+04 4.699999999999999734e-01
3.591600000000000000e+04 3.400000000000000244e-01
3.597600000000000000e+04 2.399999999999999911e-01
3.603600000000000000e+04 1.300000000000000044e-01
3.609600000000000000e+04 -1.000000000000000021e-02
3.615600000000000000e+04 -1.000000000000000056e-01
3.621600000000000000e+04 1.000000000000000021e-02
3.627600000000000000e+04 1.000000000000000056e-01
3.633600000000000000e+04 8.000000000000000167e-02
3.639600000000000000e+04 2.000000000000000042e-02
3.645600000000000000e+04 -2.000000000000000042e-02
3.651600000000000000e+04 -1.600000000000000033e-01
3.657600000000000000e+04 -4.000000000000000222e-01
3.663600000000000000e+04 -5.300000000000000266e-01
3.669600000000000000e+04 -4.799999999999999822e-01
3.675600000000000000e+04 -4.000000000000000222e-01
3.681600000000000000e+04 -4.600000000000000200e-01
3.687600000000000000e+04 -4.299999999999999933e-01
3.693600000000000000e+04 -1.700000000000000122e-01
3.699600000000000000e+04 -4.000000000000000083e-02
3.705600000000000000e+04 nan
3.711600000000000000e+04 nan
3.717600000000000000e+04 nan
3.723600000000000000e+04 nan
3.729600000000000000e+04 nan
3.735600000000000000e+04 nan
3.741600000000000000e+04 nan
3.747600000000000000e+04 nan
3.753600000000000000e+04 nan
3.759600000000000000e+04 nan
3.765600000000000000e+04 nan
3.771600000000000000e+04 nan
3.777600000000000000e+04 nan
3.783600000000000000e+04 nan
3.789600000000000000e+04 nan
3.795600000000000000e+04 nan
3.801600000000000000e+04 nan
3.807600000000000000e+04 nan
3.813600000000000000e+04 1.300000000000000044e-01
3.819600000000000000e+04 2.000000000000000111e-01
3.825600000000000000e+04 2.600000000000000089e-01
3.831600000000000000e+04 2.200000000000000011e-01
3.837600000000000000e+04 2.500000000000000000e-01
3.843600000000000000e+04 2.500000000000000000e-01
3.849600000000000000e+04 2.000000000000000111e-01
3.855600000000000000e+04 2.099999999999999922e-01
3.861600000000000000e+04 2.000000000000000111e-01
3.867600000000000000e+04 1.400000000000000133e-01
3.873600000000000000e+04 8.999999999999999667e-02
3.879600000000000000e+04 7.000000000000000666e-02
3.885600000000000000e+04 5.000000000000000278e-02
3.891600000000000000e+04 1.199999999999999956e-01
3.897600000000000000e+04 1.700000000000000122e-01
3.903600000000000000e+04 1.300000000000000044e-01
3.909600000000000000e+04 8.000000000000000167e-02
3.915600000000000000e+04 4.000000000000000083e-02
3.921600000000000000e+04 -5.000000000000000278e-02
3.927600000000000000e+04 -2.800000000000000266e-01
3.933600000000000000e+04 -4.699999999999999734e-01
3.939600000000000000e+04 -5.999999999999999778e-01
3.945600000000000000e+04 -6.199999999999999956e-01
3.951600000000000000e+04 -5.699999999999999512e-01
3.957600000000000000e+04 -5.699999999999999512e-01
3.963600000000000000e+04 -5.000000000000000000e-01
3.969600000000000000e+04 -3.499999999999999778e-01
3.975600000000000000e+04 -3.099999999999999978e-01
3.981600000000000000e+04 -3.300000000000000155e-01
3.987600000000000000e+04 -3.499999999999999778e-01
3.993600000000000000e+04 -4.099999999999999756e-01
3.999600000000000000e+04 -4.500000000000000111e-01
4.005600000000000000e+04 -4.299999999999999933e-01
4.011600000000000000e+04 -4.000000000000000222e-01
4.017600000000000000e+04 -3.300000000000000155e-01
4.023600000000000000e+04 -2.099999999999999922e-01
4.029600000000000000e+04 -1.000000000000000056e-01
4.035600000000000000e+04 4.000000000000000083e-02
4.041600000000000000e+04 8.000000000000000167e-02
4.047600000000000000e+04 8.999999999999999667e-02
4.053600000000000000e+04 1.400000000000000133e-01
4.059600000000000000e+04 2.200000000000000011e-01
4.065600000000000000e+04 3.200000000000000067e-01
4.071600000000000000e+04 3.499999999999999778e-01
4.077600000000000000e+04 3.699999999999999956e-01
4.083600000000000000e+04 4.799999999999999822e-01
4.089600000000000000e+04 6.199999999999999956e-01
4.095600000000000000e+04 5.999999999999999778e-01
4.101600000000000000e+04 5.200000000000000178e-01
4.107600000000000000e+04 4.199999999999999845e-01
4.113600000000000000e+04 4.299999999999999933e-01
4.119600000000000000e+04 3.400000000000000244e-01
4.125600000000000000e+04 1.799999999999999933e-01
4.131600000000000000e+04 5.999999999999999778e-02
4.137600000000000000e+04 -1.000000000000000021e-02
4.143600000000000000e+04 -4.000000000000000083e-02
4.149600000000000000e+04 -2.000000000000000042e-02
4.155600000000000000e+04 -1.100000000000000006e-01
4.161600000000000000e+04 -2.300000000000000100e-01
4.167600000000000000e+04 -1.799999999999999933e-01
4.173600000000000000e+04 -1.600000000000000033e-01
4.179600000000000000e+04 -1.900000000000000022e-01
4.185600000000000000e+04 -1.600000000000000033e-01
4.191600000000000000e+04 -1.300000000000000044e-01
4.197600000000000000e+04 -5.999999999999999778e-02
4.203600000000000000e+04 2.999999999999999889e-02
4.209600000000000000e+04 8.999999999999999667e-02
4.215600000000000000e+04 1.400000000000000133e-01
4.221600000000000000e+04 2.999999999999999889e-02
4.227600000000000000e+04 -8.000000000000000167e-02
4.233600000000000000e+04 -1.100000000000000006e-01
4.239600000000000000e+04 -2.200000000000000011e-01
4.245600000000000000e+04 -4.000000000000000222e-01
4.251600000000000000e+04 -4.299999999999999933e-01
4.257600000000000000e+04 -4.000000000000000222e-01
4.263600000000000000e+04 -3.499999999999999778e-01
4.269600000000000000e+04 -3.200000000000000067e-01
4.275600000000000000e+04 -2.800000000000000266e-01
4.281600000000000000e+04 -1.799999999999999933e-01
4.287600000000000000e+04 -2.000000000000000111e-01
4.293600000000000000e+04 -2.700000000000000178e-01
4.299600000000000000e+04 -3.400000000000000244e-01
4.305600000000000000e+04 -4.000000000000000222e-01
4.311600000000000000e+04 -4.199999999999999845e-01
4.317600000000000000e+04 -3.599999999999999867e-01
4.323600000000000000e+04 -2.099999999999999922e-01
4.329600000000000000e+04 -5.999999999999999778e-02
4.335600000000000000e+04 1.000000000000000056e-01
4.341600000000000000e+04 2.600000000000000089e-01
4.347600000000000000e+04 4.099999999999999756e-01
4.353600000000000000e+04 4.500000000000000111e-01
4.359600000000000000e+04 4.299999999999999933e-01
4.365600000000000000e+04 3.800000000000000044e-01
4.371600000000000000e+04 3.599999999999999867e-01
4.377600000000000000e+04 3.300000000000000155e-01
4.383600000000000000e+04 3.099999999999999978e-01
4.389600000000000000e+04 4.600000000000000200e-01
4.395600000000000000e+04 4.899999999999999911e-01
4.401600000000000000e+04 5.200000000000000178e-01
4.407600000000000000e+04 4.699999999999999734e-01
4.413600000000000000e+04 3.499999999999999778e-01
4.419600000000000000e+04 2.000000000000000111e-01
4.425600000000000000e+04 -4.000000000000000083e-02
4.431600000000000000e+04 -2.800000000000000266e-01
4.437600000000000000e+04 -3.800000000000000044e-01
4.443600000000000000e+04 -5.400000000000000355e-01
4.449600000000000000e+04 -6.099999999999999867e-01
4.455600000000000000e+04 -4.899999999999999911e-01
4.461600000000000000e+04 -4.899999999999999911e-01
4.467600000000000000e+04 -4.099999999999999756e-01
4.473600000000000000e+04 -4.099999999999999756e-01
4.479600000000000000e+04 -4.400000000000000022e-01
4.485600000000000000e+04 -3.699999999999999956e-01
4.491600000000000000e+04 -4.199999999999999845e-01
4.497600000000000000e+04 -4.299999999999999933e-01
4.503600000000000000e+04 -3.800000000000000044e-01
4.509600000000000000e+04 -3.400000000000000244e-01
4.515600000000000000e+04 -2.999999999999999889e-01
4.521600000000000000e+04 -2.099999999999999922e-01
4.527600000000000000e+04 -1.499999999999999944e-01
4.533600000000000000e+04 -5.000000000000000278e-02
4.539600000000000000e+04 -4.000000000000000083e-02
4.545600000000000000e+04 -1.300000000000000044e-01
4.551600000000000000e+04 -5.999999999999999778e-02
4.557600000000000000e+04 2.999999999999999889e-02
4.563600000000000000e+04 7.000000000000000666e-02
4.569600000000000000e+04 5.000000000000000278e-02
4.575600000000000000e+04 1.199999999999999956e-01
4.581600000000000000e+04 3.800000000000000044e-01
4.587600000000000000e+04 3.900000000000000133e-01
4.593600000000000000e+04 2.999999999999999889e-01
4.599600000000000000e+04 3.099999999999999978e-01
4.605600000000000000e+04 3.200000000000000067e-01
4.611600000000000000e+04 2.399999999999999911e-01
4.617600000000000000e+04 1.400000000000000133e-01
4.623600000000000000e+04 1.600000000000000033e-01
4.629600000000000000e+04 1.799999999999999933e-01
4.635600000000000000e+04 2.000000000000000111e-01
4.641600000000000000e+04 2.500000000000000000e-01
4.647600000000000000e+04 3.099999999999999978e-01
4.653600000000000000e+04 2.500000000000000000e-01
4.659600000000000000e+04 1.300000000000000044e-01
4.665600000000000000e+04 1.300000000000000044e-01
4.671600000000000000e+04 5.999999999999999778e-02
4.677600000000000000e+04 -5.999999999999999778e-02
4.683600000000000000e+04 -1.799999999999999933e-01
4.689600000000000000e+04 -1.100000000000000006e-01
4.695600000000000000e+04 -4.000000000000000083e-02
4.701600000000000000e+04 -1.000000000000000056e-01
4.707600000000000000e+04 -1.400000000000000133e-01
4.713600000000000000e+04 -1.400000000000000133e-01
4.719600000000000000e+04 -2.099999999999999922e-01
4.725600000000000000e+04 -2.399999999999999911e-01
4.731600000000000000e+04 -3.900000000000000133e-01
4.737600000000000000e+04 -4.799999999999999822e-01
4.743600000000000000e+04 -4.500000000000000111e-01
4.749600000000000000e+04 -4.699999999999999734e-01
4.755600000000000000e+04 -4.400000000000000022e-01
4.761600000000000000e+04 -3.800000000000000044e-01
4.767600000000000000e+04 -2.899999999999999800e-01
4.773600000000000000e+04 -1.600000000000000033e-01
4.779600000000000000e+04 -1.499999999999999944e-01
4.785600000000000000e+04 -1.300000000000000044e-01
4.791600000000000000e+04 -4.000000000000000083e-02
4.797600000000000000e+04 -8.999999999999999667e-02
4.803600000000000000e+04 -1.900000000000000022e-01
4.809600000000000000e+04 -1.900000000000000022e-01
4.815600000000000000e+04 -1.900000000000000022e-01
4.821600000000000000e+04 -1.100000000000000006e-01
4.827600000000000000e+04 -8.999999999999999667e-02
4.833600000000000000e+04 -1.000000000000000021e-02
4.839600000000000000e+04 1.300000000000000044e-01
4.845600000000000000e+04 1.900000000000000022e-01
4.851600000000000000e+04 1.700000000000000122e-01
4.857600000000000000e+04 1.900000000000000022e-01
4.863600000000000000e+04 1.499999999999999944e-01
4.869600000000000000e+04 7.000000000000000666e-02
4.875600000000000000e+04 1.000000000000000056e-01
4.881600000000000000e+04 5.999999999999999778e-02
4.887600000000000000e+04 1.000000000000000056e-01
4.893600000000000000e+04 2.000000000000000111e-01
4.899600000000000000e+04 2.399999999999999911e-01
4.905600000000000000e+04 2.700000000000000178e-01
4.911600000000000000e+04 1.900000000000000022e-01
4.917600000000000000e+04 1.100000000000000006e-01
4.923600000000000000e+04 1.199999999999999956e-01
4.929600000000000000e+04 -1.000000000000000021e-02
4.935600000000000000e+04 -1.300000000000000044e-01
4.941600000000000000e+04 -5.000000000000000278e-02
4.947600000000000000e+04 -2.000000000000000042e-02
4.953600000000000000e+04 1.199999999999999956e-01
4.959600000000000000e+04 1.000000000000000056e-01
4.965600000000000000e+04 8.999999999999999667e-02
4.971600000000000000e+04 1.799999999999999933e-01
4.977600000000000000e+04 8.999999999999999667e-02
4.983600000000000000e+04 -2.999999999999999889e-02
4.989600000000000000e+04 -8.999999999999999667e-02
4.995600000000000000e+04 -1.300000000000000044e-01
5.001600000000000000e+04 -1.000000000000000056e-01
5.007600000000000000e+04 -5.000000000000000278e-02
5.013600000000000000e+04 -8.999999999999999667e-02
5.019600000000000000e+04 -4.000000000000000083e-02
5.025600000000000000e+04 -8.000000000000000167e-02
5.031600000000000000e+04 -1.400000000000000133e-01
5.037600000000000000e+04 -1.600000000000000033e-01
5.043600000000000000e+04 -1.799999999999999933e-01
5.049600000000000000e+04 -2.399999999999999911e-01
5.055600000000000000e+04 -2.399999999999999911e-01
5.061600000000000000e+04 -1.400000000000000133e-01
5.067600000000000000e+04 -4.000000000000000083e-02
5.073600000000000000e+04 2.000000000000000042e-02
5.079600000000000000e+04 -4.000000000000000083e-02
5.085600000000000000e+04 2.000000000000000042e-02
5.091600000000000000e+04 -2.000000000000000042e-02
5.097600000000000000e+04 -8.000000000000000167e-02
5.103600000000000000e+04 -1.600000000000000033e-01
5.109600000000000000e+04 -1.799999999999999933e-01
5.115600000000000000e+04 -1.900000000000000022e-01
5.121600000000000000e+04 -2.399999999999999911e-01
5.127600000000000000e+04 -1.900000000000000022e-01
5.133600000000000000e+04 -1.199999999999999956e-01
5.139600000000000000e+04 -1.000000000000000056e-01
5.145600000000000000e+04 -1.400000000000000133e-01
5.151600000000000000e+04 -1.100000000000000006e-01
5.157600000000000000e+04 -5.000000000000000278e-02
5.163600000000000000e+04 1.000000000000000021e-02
5.169600000000000000e+04 -2.999999999999999889e-02
5.175600000000000000e+04 2.999999999999999889e-02
5.181600000000000000e+04 1.499999999999999944e-01
5.187600000000000000e+04 1.600000000000000033e-01
5.193600000000000000e+04 2.899999999999999800e-01
5.199600000000000000e+04 2.700000000000000178e-01
5.205600000000000000e+04 2.600000000000000089e-01
5.211600000000000000e+04 2.399999999999999911e-01
5.217600000000000000e+04 1.900000000000000022e-01
5.223600000000000000e+04 1.300000000000000044e-01
5.229600000000000000e+04 0.000000000000000000e+00
5.235600000000000000e+04 -8.000000000000000167e-02
5.241600000000000000e+04 -1.700000000000000122e-01
5.247600000000000000e+04 -1.799999999999999933e-01
5.253600000000000000e+04 -2.300000000000000100e-01
5.259600000000000000e+04 -2.500000000000000000e-01
5.265600000000000000e+04 -2.700000000000000178e-01
5.271600000000000000e+04 -2.399999999999999911e-01
5.277600000000000000e+04 -2.000000000000000111e-01
5.283600000000000000e+04 -1.600000000000000033e-01
5.289600000000000000e+04 -2.999999999999999889e-02
5.295600000000000000e+04 0.000000000000000000e+00
5.301600000000000000e+04 7.000000000000000666e-02
5.307600000000000000e+04 1.300000000000000044e-01
5.313600000000000000e+04 1.400000000000000133e-01
5.319600000000000000e+04 1.799999999999999933e-01
5.325600000000000000e+04 1.600000000000000033e-01
5.331600000000000000e+04 1.199999999999999956e-01
5.337600000000000000e+04 1.700000000000000122e-01
5.343600000000000000e+04 1.799999999999999933e-01
5.349600000000000000e+04 1.400000000000000133e-01
5.355600000000000000e+04 1.199999999999999956e-01
5.361600000000000000e+04 8.999999999999999667e-02
5.367600000000000000e+04 7.000000000000000666e-02
5.373600000000000000e+04 -2.999999999999999889e-02
5.379600000000000000e+04 -8.000000000000000167e-02
5.385600000000000000e+04 -1.199999999999999956e-01
5.391600000000000000e+04 -8.999999999999999667e-02
5.397600000000000000e+04 -1.499999999999999944e-01
5.403600000000000000e+04 -1.400000000000000133e-01
5.409600000000000000e+04 -8.000000000000000167e-02
5.415600000000000000e+04 -2.000000000000000042e-02
5.421600000000000000e+04 -5.000000000000000278e-02
5.427600000000000000e+04 -1.400000000000000133e-01
5.433600000000000000e+04 -5.000000000000000278e-02
5.439600000000000000e+04 -5.999999999999999778e-02
5.445600000000000000e+04 -5.000000000000000278e-02
5.451600000000000000e+04 -1.600000000000000033e-01
5.457600000000000000e+04 -1.799999999999999933e-01
5.463600000000000000e+04 -7.000000000000000666e-02
5.469600000000000000e+04 -2.000000000000000042e-02
5.475600000000000000e+04 0.000000000000000000e+00
5.481600000000000000e+04 -1.400000000000000133e-01
5.487600000000000000e+04 1.000000000000000021e-02
5.493600000000000000e+04 1.000000000000000021e-02
5.499600000000000000e+04 -2.000000000000000042e-02
5.505600000000000000e+04 -1.100000000000000006e-01
5.511600000000000000e+04 -1.499999999999999944e-01
5.517600000000000000e+04 -5.000000000000000278e-02
5.523600000000000000e+04 -8.000000000000000167e-02
5.529600000000000000e+04 -8.000000000000000167e-02
5.535600000000000000e+04 -1.700000000000000122e-01
5.541600000000000000e+04 -4.000000000000000083e-02
5.547600000000000000e+04 -1.100000000000000006e-01
5.553600000000000000e+04 -1.400000000000000133e-01
5.559600000000000000e+04 -2.200000000000000011e-01
5.565600000000000000e+04 -1.600000000000000033e-01
5.571600000000000000e+04 -7.000000000000000666e-02
5.577600000000000000e+04 -8.999999999999999667e-02
5.583600000000000000e+04 -8.999999999999999667e-02
5.589600000000000000e+04 -7.000000000000000666e-02
5.595600000000000000e+04 8.000000000000000167e-02
5.601600000000000000e+04 7.000000000000000666e-02
5.607600000000000000e+04 2.000000000000000042e-02
5.613600000000000000e+04 -2.999999999999999889e-02
5.619600000000000000e+04 0.000000000000000000e+00
5.625600000000000000e+04 2.999999999999999889e-02
5.631600000000000000e+04 -2.000000000000000042e-02
5.637600000000000000e+04 -5.000000000000000278e-02
5.643600000000000000e+04 -8.000000000000000167e-02
5.649600000000000000e+04 -2.999999999999999889e-02
5.655600000000000000e+04 2.000000000000000042e-02
5.661600000000000000e+04 7.000000000000000666e-02
5.667600000000000000e+04 8.000000000000000167e-02
5.673600000000000000e+04 1.100000000000000006e-01
5.679600000000000000e+04 1.499999999999999944e-01
5.685600000000000000e+04 1.700000000000000122e-01
5.691600000000000000e+04 1.700000000000000122e-01
5.697600000000000000e+04 1.199999999999999956e-01
5.703600000000000000e+04 1.400000000000000133e-01
5.709600000000000000e+04 1.499999999999999944e-01
5.715600000000000000e+04 1.700000000000000122e-01
5.721600000000000000e+04 1.499999999999999944e-01
5.727600000000000000e+04 1.600000000000000033e-01
5.733600000000000000e+04 8.999999999999999667e-02
5.739600000000000000e+04 -1.000000000000000021e-02
5.745600000000000000e+04 -1.000000000000000056e-01
5.751600000000000000e+04 -2.099999999999999922e-01
5.757600000000000000e+04 -2.800000000000000266e-01
5.763600000000000000e+04 -3.800000000000000044e-01
5.769600000000000000e+04 -3.599999999999999867e-01
5.775600000000000000e+04 -3.599999999999999867e-01
5.781600000000000000e+04 -2.600000000000000089e-01
5.787600000000000000e+04 -2.099999999999999922e-01
5.793600000000000000e+04 -1.700000000000000122e-01
5.799600000000000000e+04 -8.000000000000000167e-02
5.805600000000000000e+04 -2.999999999999999889e-02
5.811600000000000000e+04 -2.999999999999999889e-02
5.817600000000000000e+04 -4.000000000000000083e-02
5.823600000000000000e+04 -5.000000000000000278e-02
5.829600000000000000e+04 0.000000000000000000e+00
5.835600000000000000e+04 4.000000000000000083e-02
5.841600000000000000e+04 5.000000000000000278e-02
5.847600000000000000e+04 2.999999999999999889e-02
5.853600000000000000e+04 8.000000000000000167e-02
5.859600000000000000e+04 1.400000000000000133e-01
5.865600000000000000e+04 7.000000000000000666e-02
5.871600000000000000e+04 1.000000000000000021e-02
5.877600000000000000e+04 -8.999999999999999667e-02
5.883600000000000000e+04 -1.100000000000000006e-01
5.889600000000000000e+04 -1.499999999999999944e-01
5.895600000000000000e+04 -1.799999999999999933e-01
5.901600000000000000e+04 -2.000000000000000111e-01
5.907600000000000000e+04 -2.099999999999999922e-01
5.913600000000000000e+04 -2.000000000000000111e-01
5.919600000000000000e+04 -1.900000000000000022e-01
5.925600000000000000e+04 -1.900000000000000022e-01
5.931600000000000000e+04 -2.200000000000000011e-01
5.937600000000000000e+04 -1.499999999999999944e-01
5.943600000000000000e+04 -8.999999999999999667e-02
5.949600000000000000e+04 0.000000000000000000e+00
5.955600000000000000e+04 5.999999999999999778e-02
5.961600000000000000e+04 2.099999999999999922e-01
5.967600000000000000e+04 2.000000000000000111e-01
5.973600000000000000e+04 2.099999999999999922e-01
5.979600000000000000e+04 1.900000000000000022e-01
5.985600000000000000e+04 2.200000000000000011e-01
5.991600000000000000e+04 2.300000000000000100e-01
5.997600000000000000e+04 1.300000000000000044e-01
6.003600000000000000e+04 5.999999999999999778e-02
6.009600000000000000e+04 1.000000000000000056e-01
6.015600000000000000e+04 8.000000000000000167e-02
6.021600000000000000e+04 -4.000000000000000083e-02
6.027600000000000000e+04 -1.799999999999999933e-01
6.033600000000000000e+04 -2.099999999999999922e-01
6.039600000000000000e+04 -2.000000000000000111e-01
6.045600000000000000e+04 -1.700000000000000122e-01
6.051600000000000000e+04 -2.099999999999999922e-01
6.057600000000000000e+04 -1.600000000000000033e-01
6.063600000000000000e+04 -5.999999999999999778e-02
6.069600000000000000e+04 1.000000000000000021e-02
6.075600000000000000e+04 2.999999999999999889e-02
6.081600000000000000e+04 nan
6.087600000000000000e+04 nan
6.093600000000000000e+04 nan
6.099600000000000000e+04 nan
6.105600000000000000e+04 nan
6.111600000000000000e+04 nan
6.117600000000000000e+04 8.000000000000000167e-02
6.123600000000000000e+04 5.000000000000000278e-02
6.129600000000000000e+04 -1.000000000000000021e-02
6.135600000000000000e+04 -5.999999999999999778e-02
6.141600000000000000e+04 -1.000000000000000056e-01
6.147600000000000000e+04 -1.199999999999999956e-01
6.153600000000000000e+04 -2.099999999999999922e-01
6.159600000000000000e+04 -2.300000000000000100e-01
6.165600000000000000e+04 -2.200000000000000011e-01
6.171600000000000000e+04 -1.000000000000000056e-01
6.177600000000000000e+04 -8.999999999999999667e-02
6.183600000000000000e+04 -8.000000000000000167e-02
6.189600000000000000e+04 -7.000000000000000666e-02
6.195600000000000000e+04 -5.000000000000000278e-02
6.201600000000000000e+04 -2.000000000000000042e-02
6.207600000000000000e+04 -7.000000000000000666e-02
6.213600000000000000e+04 -1.600000000000000033e-01
6.219600000000000000e+04 -1.900000000000000022e-01
6.225600000000000000e+04 -1.700000000000000122e-01
6.231600000000000000e+04 -1.100000000000000006e-01
6.237600000000000000e+04 -1.300000000000000044e-01
6.243600000000000000e+04 -1.199999999999999956e-01
6.249600000000000000e+04 -1.000000000000000056e-01
6.255600000000000000e+04 1.000000000000000021e-02
6.261600000000000000e+04 nan
6.267600000000000000e+04 nan
6.273600000000000000e+04 nan
6.279600000000000000e+04 nan
6.285600000000000000e+04 nan
6.291600000000000000e+04 nan
6.297600000000000000e+04 nan
6.303600000000000000e+04 nan
6.309600000000000000e+04 nan
6.315600000000000000e+04 nan
6.321600000000000000e+04 nan
6.327600000000000000e+04 nan
6.333600000000000000e+04 nan
6.339600000000000000e+04 nan
6.345600000000000000e+04 nan
6.351600000000000000e+04 nan
6.357600000000000000e+04 nan
6.363600000000000000e+04 nan
6.369600000000000000e+04 nan
6.375600000000000000e+04 nan
6.381600000000000000e+04 nan
6.387600000000000000e+04 nan
6.393600000000000000e+04 nan
6.399600000000000000e+04 nan
6.405600000000000000e+04 nan
6.411600000000000000e+04 nan
6.417600000000000000e+04 nan
6.423600000000000000e+04 nan
6.429600000000000000e+04 nan
6.435600000000000000e+04 nan
6.441600000000000000e+04 nan
6.447600000000000000e+04 nan
6.453600000000000000e+04 nan
6.459600000000000000e+04 nan
6.465600000000000000e+04 nan
6.471600000000000000e+04 nan
6.477600000000000000e+04 nan
6.483600000000000000e+04 nan
6.489600000000000000e+04 nan
6.495600000000000000e+04 nan
6.501600000000000000e+04 nan
6.507600000000000000e+04 nan
6.513600000000000000e+04 nan
6.519600000000000000e+04 nan
6.525600000000000000e+04 nan
6.531600000000000000e+04 nan
6.537600000000000000e+04 nan
6.543600000000000000e+04 nan
6.549600000000000000e+04 nan
6.555600000000000000e+04 nan
6.561600000000000000e+04 nan
6.567600000000000000e+04 nan
6.573600000000000000e+04 nan
6.579600000000000000e+04 nan
6.585600000000000000e+04 nan
6.591600000000000000e+04 nan
6.597600000000000000e+04 nan
6.603600000000000000e+04 nan
6.609600000000000000e+04 nan
6.615600000000000000e+04 nan
6.621600000000000000e+04 nan
6.627600000000000000e+04 nan
6.633600000000000000e+04 nan
6.639600000000000000e+04 nan
6.645600000000000000e+04 nan
6.651600000000000000e+04 nan
6.657600000000000000e+04 nan
6.663600000000000000e+04 nan
6.669600000000000000e+04 nan
6.675600000000000000e+04 nan
6.681600000000000000e+04 nan
6.687600000000000000e+04 nan
6.693600000000000000e+04 nan
6.699600000000000000e+04 nan
6.705600000000000000e+04 nan
6.711600000000000000e+04 nan
6.717600000000000000e+04 nan
6.723600000000000000e+04 nan
6.729600000000000000e+04 nan
6.735600000000000000e+04 nan
6.741600000000000000e+04 nan
6.747600000000000000e+04 nan
6.753600000000000000e+04 nan
6.759600000000000000e+04 nan
6.765600000000000000e+04 nan
6.771600000000000000e+04 nan
6.777600000000000000e+04 nan
6.783600000000000000e+04 nan
6.789600000000000000e+04 nan
6.795600000000000000e+04 nan
6.801600000000000000e+04 nan
6.807600000000000000e+04 nan
6.813600000000000000e+04 nan
6.819600000000000000e+04 nan
6.825600000000000000e+04 nan
6.831600000000000000e+04 nan
6.837600000000000000e+04 nan
6.843600000000000000e+04 nan
6.849600000000000000e+04 nan
6.855600000000000000e+04 nan
6.861600000000000000e+04 nan
6.867600000000000000e+04 nan
6.873600000000000000e+04 nan
6.879600000000000000e+04 nan
6.885600000000000000e+04 nan
6.891600000000000000e+04 nan
6.897600000000000000e+04 nan
6.903600000000000000e+04 nan
6.909600000000000000e+04 nan
6.915600000000000000e+04 nan
6.921600000000000000e+04 nan
6.927600000000000000e+04 nan
6.933600000000000000e+04 nan
6.939600000000000000e+04 nan
6.945600000000000000e+04 nan
6.951600000000000000e+04 nan
6.957600000000000000e+04 nan
6.963600000000000000e+04 nan
6.969600000000000000e+04 nan
6.975600000000000000e+04 nan
6.981600000000000000e+04 nan
6.987600000000000000e+04 nan
6.993600000000000000e+04 nan
6.999600000000000000e+04 nan
7.005600000000000000e+04 nan
7.011600000000000000e+04 nan
7.017600000000000000e+04 nan
7.023600000000000000e+04 nan
7.029600000000000000e+04 nan
7.035600000000000000e+04 nan
7.041600000000000000e+04 nan
7.047600000000000000e+04 nan
7.053600000000000000e+04 nan
7.059600000000000000e+04 nan
7.065600000000000000e+04 nan
7.071600000000000000e+04 nan
7.077600000000000000e+04 nan
7.083600000000000000e+04 nan
7.089600000000000000e+04 nan
7.095600000000000000e+04 nan
7.101600000000000000e+04 nan
7.107600000000000000e+04 nan
7.113600000000000000e+04 nan
7.119600000000000000e+04 nan
7.125600000000000000e+04 nan
7.131600000000000000e+04 nan
7.137600000000000000e+04 nan
7.143600000000000000e+04 nan
7.149600000000000000e+04 nan
7.155600000000000000e+04 nan
7.161600000000000000e+04 nan
7.167600000000000000e+04 nan
7.173600000000000000e+04 nan
7.179600000000000000e+04 nan
7.185600000000000000e+04 nan
7.191600000000000000e+04 nan
7.197600000000000000e+04 nan
7.203600000000000000e+04 nan
7.209600000000000000e+04 nan
7.215600000000000000e+04 nan
7.221600000000000000e+04 nan
7.227600000000000000e+04 nan
7.233600000000000000e+04 nan
7.239600000000000000e+04 nan
7.245600000000000000e+04 nan
7.251600000000000000e+04 nan
7.257600000000000000e+04 nan
7.263600000000000000e+04 nan
7.269600000000000000e+04 nan
7.275600000000000000e+04 nan
7.281600000000000000e+04 nan
7.287600000000000000e+04 nan
7.293600000000000000e+04 nan
7.299600000000000000e+04 nan
7.305600000000000000e+04 nan
7.311600000000000000e+04 nan
7.317600000000000000e+04 nan
7.323600000000000000e+04 nan
7.329600000000000000e+04 nan
7.335600000000000000e+04 nan
7.341600000000000000e+04 nan
7.347600000000000000e+04 nan
7.353600000000000000e+04 nan
7.359600000000000000e+04 nan
7.365600000000000000e+04 nan
7.371600000000000000e+04 nan
7.377600000000000000e+04 nan
7.383600000000000000e+04 nan
7.389600000000000000e+04 nan
7.395600000000000000e+04 nan
7.401600000000000000e+04 nan
7.407600000000000000e+04 nan
7.413600000000000000e+04 nan
7.419600000000000000e+04 nan
7.425600000000000000e+04 nan
7.431600000000000000e+04 nan
7.437600000000000000e+04 nan
7.443600000000000000e+04 nan
7.449600000000000000e+04 nan
7.455600000000000000e+04 nan
7.461600000000000000e+04 nan
7.467600000000000000e+04 nan
7.473600000000000000e+04 nan
7.479600000000000000e+04 nan
7.485600000000000000e+04 nan
7.491600000000000000e+04 nan
7.497600000000000000e+04 nan
7.503600000000000000e+04 nan
7.509600000000000000e+04 nan
7.515600000000000000e+04 nan
7.521600000000000000e+04 nan
7.527600000000000000e+04 nan
7.533600000000000000e+04 nan
7.539600000000000000e+04 nan
7.545600000000000000e+04 nan
7.551600000000000000e+04 nan
7.557600000000000000e+04 nan
7.563600000000000000e+04 nan
7.569600000000000000e+04 nan
7.575600000000000000e+04 nan
7.581600000000000000e+04 nan
7.587600000000000000e+04 nan
7.593600000000000000e+04 nan
