        0.0266666667        -0.3442004968         0.1257118447
        0.1266666667         0.1600801754        -0.5708869420
        0.2266666667         0.8960257714         1.0748726201
        0.3266666667         1.0636569435        -0.2694841273
        0.4266666667         1.3796802088        -0.3612897406
        0.5266666667         2.5808458473         0.7917267764
        0.6266666667         1.0215687835         0.7725178924
        0.7266666667         0.9018400672         0.0049898488
        0.8266666667         0.5337835396         0.9470351041
        0.9266666667         2.0668436165         1.3145411394
        1.0266666667        -0.9031303494         0.3005938098
        1.1266666667         2.2453538167        -0.4341936797
        1.2266666667         1.8270694927        -0.0529623328
        1.3266666667        -0.4297856319        -1.0538195711
        1.4266666667         0.3155675372        -4.1777812351
        1.5266666667         0.7684264982        -1.1875614121
        1.6266666667         0.5115899264        -0.8989940904
        1.7266666667        -0.1629232262        -0.3345058658
        1.8266666667         0.6157605658        -0.3284887238
        1.9266666667         0.4114042600        -0.5348231123
        2.0266666667         0.5664171853         0.4912761688
        2.1266666667        -0.0015471983        -0.4385801981
        2.2266666667        -0.0961833312        -2.0079794472
        2.3266666667         1.8633479574        -1.6627134850
        2.4266666667         0.5988713168        -1.0370028772
        2.5266666667        -0.3281193173        -1.7165331159
        2.6266666667        -0.4208815306        -1.4734917871
        2.7266666667        -2.0749774812        -0.6926736443
        2.8266666667        -1.7639166002        -0.9663480471
        2.9266666667        -1.4805955840        -1.3419355628
        3.0266666667        -1.5419756567        -1.6765221293
        3.1266666667        -0.4354938638        -0.9697215308
        3.2266666667        -0.7377865446        -0.6452596185
        3.3266666667        -2.5146660787        -1.8977315003
        3.4266666667        -1.1300507369        -0.7316932716
        3.5266666667        -0.6067895184        -0.3901610924
        3.6266666667        -1.4985310434         1.2787871512
        3.7266666667        -0.1382763041         1.1469301444
        3.8266666667         0.6402213452         1.1777377619
        3.9266666667        -1.2667385926         1.7811907107
        4.0266666667        -2.0760633839         0.3606001915
        4.1266666667         0.4556965576         0.0615590414
        4.2266666667         0.0408121266         1.0938291280
        4.3266666667         0.1439884245         0.3568780390
        4.4266666667        -1.0946500477         0.8357966724
        4.5266666667        -0.9421316953         0.9996490506
        4.6266666667        -1.0105049188         1.2855831626
        4.7266666667        -0.2942321255        -0.5502139678
        4.8266666667        -0.5651259668        -1.0929752365
        4.9266666667        -0.3187654623        -0.1003310213
        5.0266666667        -0.4046423162         0.7765405771
        5.1266666667         0.3721442789         0.7129224431
        5.2266666667        -1.8034348338         0.6572839193
        5.3266666667        -0.7794835156         1.5931405342
        5.4266666667        -0.7639412228         1.5448045136
        5.5266666667         0.1241879759         1.2834215658
        5.6266666667        -0.1598227264         0.8441504851
        5.7266666667         0.2150145447         1.0354038191
        5.8266666667         0.0098712627         1.4966217806
        5.9266666667         0.2267882695         1.8480435308
        6.0266666667        -0.1953758130         0.8886490466
        6.1266666667         1.0777911916         0.5767896420
        6.2266666667         0.7011084721         1.3727362034
        6.3266666667         0.2813463115         0.4356699492
        6.4266666667        -0.0656410788         1.1675306338
        6.5266666667        -0.7317633758         1.0542507620
        6.6266666667        -0.0602659184        -1.0206728080
        6.7266666667         0.3735782167        -0.4505513233
        6.8266666667         0.6198261905         0.5681728310
        6.9266666667         1.8406127898         0.9927375633
        7.0266666667         1.7394039236         0.3132786316
        7.1266666667         0.5736760014         0.4882823621
        7.2266666667         0.7115665915         0.3982291378
        7.3266666667         1.0838108219         0.6654134134
        7.4266666667         0.0410591980        -0.7104559089
        7.5266666667         0.5507457212        -2.9269680049
        7.6266666667         0.8560896128        -1.0612760657
        7.7266666667         1.2058673964         0.1671309711
        7.8266666667         1.4804246874        -0.9276048185
        7.9266666667         1.6819982636         1.7156325619
        8.0266666667         8.6555987383        11.8861868865
        8.1266666667        -2.5923689734        -2.6707246841
        8.2266666667        -5.9608492307       -12.8490943251
        8.3266666667        -0.5540823860        -3.2623148854
        8.4266666667        -7.9065153295       -19.5863198520
        8.5266666667         0.4046223278         3.5457294974
        8.6266666667         7.4147594096         2.2756095768
        8.7266666667         5.5750388331        18.5567921462
        8.8266666667         6.4927915033        11.0463359950
        8.9266666667         3.6255693119         5.8233228896
        9.0266666667        -0.3753260451        -4.9855284876
        9.1266666667        -2.9796463952         2.7192530380
        9.2266666667       -13.7267267408       -36.5998320289
        9.3266666667       -15.6183545556       -18.3044847399
        9.4266666667         8.0155628358        -0.7871988574
        9.5266666667        16.1072731779        29.6700870179
        9.6266666667        10.4457038400        12.6769602684
        9.7266666667        -9.6671726699         1.4747711825
        9.8266666667        -9.2247133663       -14.9114237883
        9.9266666667        -1.4770571530         3.4096985865
       10.0266666667         8.1020827249        -0.2977627933
       10.1266666667         0.0769324433         6.0519465947
       10.2266666667        -5.2947476423       -10.1160621657
       10.3266666667        -7.3689392260        -6.5514741058
       10.4266666667         4.3368737898         8.4206128010
       10.5266666667         9.1379236581         8.9700509636
       10.6266666667         0.5709794899        -0.2080760942
       10.7266666667       -13.8251662205       -19.6194738236
       10.8266666667        -6.2821639591       -10.3678780293
       10.9266666667         0.5850473379         7.6659572707
       11.0266666667        10.5716236609        15.2972209710
       11.1266666667        11.2182460740        19.8809586540
       11.2266666667         1.6131255865         5.0654142978
       11.3266666667        -4.1340333346        -8.2144438334
       11.4266666667       -10.5423112906       -17.1977254873
       11.5266666667        -4.3487271266       -11.8277223629
       11.6266666667         5.6366461933         5.5479206911
       11.7266666667         4.0718946156         7.2298820444
       11.8266666667        -0.9935204405         2.3945868945
       11.9266666667        -1.1419228258        -0.0779694004
       12.0266666667         4.4735517349        12.4659724323
       12.1266666667         1.6783905455         1.2043216264
       12.2266666667        -3.0565458122        -5.1132053843
       12.3266666667        -9.7257333826       -12.2758948142
       12.4266666667       -11.2005428845       -14.5649455301
       12.5266666667         2.2488327041         2.9417644111
       12.6266666667         5.4946844692         7.7529691385
       12.7266666667         6.9097425825        12.1150764427
       12.8266666667         0.7123356775         2.9627133857
       12.9266666667       -10.2659768090       -15.1609641240
       13.0266666667        -4.5364602039        -0.6537806926
       13.1266666667         7.4901093884         5.5468514108
       13.2266666667         3.6783569595         9.8706664202
       13.3266666667         0.1087376881        -2.9848909728
       13.4266666667        -4.5115720116        -6.8619099493
       13.5266666667        -4.0977148019        -3.2667709325
       13.6266666667         1.3162910616        -1.7556829559
       13.7266666667         1.4549580666         1.2624636936
       13.8266666667         5.7834279766         7.8306072942
       13.9266666667        -3.6243093172        -4.6141024155
       14.0266666667        -4.0031637346        -2.7547067846
       14.1266666667         4.6801267416         7.4340522626
       14.2266666667         9.6046218370        11.7879217655
       14.3266666667        -2.9606694433        -2.6148452276
       14.4266666667        -2.5331162332        -9.5574053072
       14.5266666667        -7.7916699622        -9.7484971784
       14.6266666667         0.5034067175        -4.6470234284
       14.7266666667         1.4386197365         2.8610807469
       14.8266666667         6.5429973920         7.9657439135
       14.9266666667         4.1876892978         9.1944506116
       15.0266666667         1.7086666798         2.7143487018
       15.1266666667        -3.9888016720        -4.1634450516
       15.2266666667         0.1027047452         0.0882062143
       15.3266666667         4.7575394867         6.9167911553
       15.4266666667         0.6109011731        -5.3975222533
       15.5266666667        -6.3465773886       -11.5608676112
       15.6266666667        -0.8656614700        -1.1119653265
       15.7266666667         4.0677202774        -0.4689324049
       15.8266666667         5.1812988126         8.0414864414
       15.9266666667         2.8260266481         3.4268425379
       16.0266666667         1.0949712057         2.6471029011
       16.1266666667        -2.5424225889         1.5159081849
       16.2266666667        -2.7833982255        -6.7678283494
       16.3266666667        -0.1575861397         3.1250221216
       16.4266666667         4.8561535102         6.7339666989
       16.5266666667        -3.9806888823        -7.1117684097
       16.6266666667        -8.0040823196        -7.0226535520
       16.7266666667        -1.9003248267        -7.2270165268
       16.8266666667         6.2053081089        14.2356909510
       16.9266666667         0.5010676486         4.2521542433
       17.0266666667         0.1765759443        -2.1046500494
       17.1266666667        -1.0452171969         8.5765950386
       17.2266666667         0.1018735398        -0.7714452816
       17.3266666667        -6.2671243269        -7.6327073974
       17.4266666667         2.7854918464         1.3665732801
       17.5266666667         3.5948543306         2.2785588674
       17.6266666667         0.1942017821        -1.5686874289
       17.7266666667        -8.8440876040       -11.7215819521
       17.8266666667        -1.1490959286        -3.4654061848
       17.9266666667         6.8470745338        12.6232581790
       18.0266666667         3.5717233103         0.3608437980
       18.1266666667        -4.5938275892        -2.3175240044
       18.2266666667         1.3602656957        -2.9672920102
       18.3266666667        -4.7402738850        -4.1602382895
       18.4266666667         2.8870279074         1.7063894149
       18.5266666667         0.2363782594        -3.7735461812
       18.6266666667         0.8396946229         1.1875203103
       18.7266666667        -2.4544808830        -1.2521813444
       18.8266666667        -2.1974947079        -8.6251765474
       18.9266666667         2.6953570830         7.9288952142
       19.0266666667         7.8344506771         4.8449343339
       19.1266666667        -6.6772124964        -7.0842135005
       19.2266666667        -0.6793053976         0.4146960018
       19.3266666667        -1.5031558080        -5.0384574788
       19.4266666667         1.4371411007         2.0189944572
       19.5266666667         3.5899278345         3.7205375283
       19.6266666667         3.3585783054         0.6836586179
       19.7266666667        -6.3834076379        -0.6677370911
       19.8266666667        -2.7761607419       -14.6786838655
       19.9266666667        -0.5922832517         4.9589446825
       20.0266666667         8.8219069086        16.2454078218
       20.1266666667        -3.1136976285        -3.8698558064
       20.2266666667        -3.9037735197        -2.5718175258
       20.3266666667         1.5604162980         0.6347473635
       20.4266666667         2.8456609755         7.0924257360
       20.5266666667        -3.0013375872        -7.0902452768
       20.6266666667        -0.2772198124        -5.0034017982
       20.7266666667         1.2630775515         8.7027127164
       20.8266666667         0.5660674716        -1.3556464650
       20.9266666667        -3.0907684227        -1.0860963724
       21.0266666667         4.5800464880         3.3411250180
       21.1266666667         2.4024020876         7.3178844616
       21.2266666667        -0.5923661617        -1.3516843630
       21.3266666667        -1.2788935547        -3.1785245665
       21.4266666667         0.5854349273         5.2455547091
       21.5266666667        -2.4768853693        -0.7041409802
       21.6266666667        -3.0530028263        -7.9801838989
       21.7266666667         1.7488096075         6.1154511912
       21.8266666667         4.5442488894         6.8770715055
       21.9266666667        -6.8918223103        -7.6700938330
       22.0266666667        -3.1902075408        -5.1511275141
       22.1266666667         3.0359699129        13.0171261885
       22.2266666667         3.4695420300         3.7756524626
       22.3266666667        -3.7488053494        -6.0478517613
       22.4266666667        -2.3016720515        -3.4836393287
       22.5266666667         3.4389426046         6.0973949492
       22.6266666667         1.7140132250         1.9833487448
       22.7266666667        -2.0044445349        -8.5698727301
       22.8266666667         0.3565159345         0.3073414516
       22.9266666667         0.4101691098         0.0919796441
       23.0266666667        -1.1071168709        -4.4276166230
       23.1266666667         4.9851350740         2.2686235527
       23.2266666667         1.3233384006         0.3230893377
       23.3266666667         0.2833845010        -3.0001521610
       23.4266666667        -1.1671024590        -3.6797224337
       23.5266666667         2.2597512001         2.0862184981
       23.6266666667        -0.1877208883         3.6314392289
       23.7266666667        -2.0708538599        -6.4824129899
       23.8266666667        -1.1720330502        -1.0358236270
       23.9266666667         1.5117747039         0.9930630865
       24.0266666667         0.3311392936         0.5083822418
       24.1266666667        -3.4487715856        -6.5678340773
       24.2266666667        -0.2085803369         0.4441829072
       24.3266666667         4.2373309508         9.9459374347
       24.4266666667        -0.5964420638        -3.6086532987
       24.5266666667        -3.6279517410        -3.6358015774
       24.6266666667         0.3986084964         0.3991750763
       24.7266666667         1.7876931409        -1.0135825712
       24.8266666667        -1.5910491702         0.2315410316
       24.9266666667        -1.2935687447        -6.0851385965
