        0.0266666667        -0.3307790596         0.1050290772
        0.1266666667         0.1715194216        -0.5797195148
        0.2266666667         0.9053545450         1.0780074455
        0.3266666667         1.0707639857        -0.2543282031
        0.4266666667         1.3844720552        -0.3341229458
        0.5266666667         2.5832474825         0.8308301982
        0.6266666667         1.0215241745         0.8234199328
        0.7266666667         0.8993125743         0.0674893221
        0.8266666667         0.5287562010         1.0208685681
        0.9266666667         2.0593193061         1.3993841441
        1.0266666667        -0.9131288917         0.3960624670
        1.1266666667         2.2329235507        -0.3285408131
        1.2266666667         1.8122695552         0.0623779304
        1.3266666667        -0.4468739945        -0.9293416162
        1.4266666667         0.2962907170        -4.0447654301
        1.5266666667         0.7470793153        -1.0466547148
        1.6266666667         0.4883078929        -0.7508873070
        1.7266666667        -0.1879880045        -0.1799301500
        1.8266666667         0.5890808116        -0.1682118628
        1.9266666667         0.3832919277        -0.3696456180
        2.0266666667         0.5370681719         0.6605251432
        2.1266666667        -0.0319247171        -0.2661133005
        2.2266666667        -0.1273702041        -1.8331682175
        2.3266666667         1.8315804785        -1.4864470689
        2.4266666667         0.5667601302        -0.8601814080
        2.5266666667        -0.3603306685        -1.5400630838
        2.6266666667        -0.4529444152        -1.2982813678
        2.7266666667        -2.1066397780        -0.5196280111
        2.8266666667        -1.7949243289        -0.7963646896
        2.9266666667        -1.5106945589        -1.1758996369
        3.0266666667        -1.5709131547        -1.5153018610
        3.1266666667        -0.4630202958        -0.8141636982
        3.2266666667        -0.7636571213        -0.4961851338
        3.3266666667        -2.5386424614        -1.7559311156
        3.4266666667        -1.1519026628        -0.5979234289
        3.5266666667        -0.6262963915        -0.2651399399
        3.6266666667        -1.5154834817         1.3943835564
        3.7266666667        -0.1524776327         1.2524714281
        3.8266666667         0.6289536619         1.2726426003
        3.9266666667        -1.2749055942         1.8649299567
        4.0266666667        -2.0809794489         0.4326997429
        4.1266666667         0.4541637090         0.1216024376
        4.2266666667         0.0427756986         1.1414598598
        4.3266666667         0.1495415479         0.3918015609
        4.4266666667        -1.0854352053         0.8577821055
        4.5266666667        -0.9292047054         1.0085305683
        4.6266666667        -0.9938377481         1.2812610500
        4.7266666667        -0.2738196675        -0.5677725860
        4.8266666667        -0.5409864452        -1.1237360042
        4.9266666667        -0.2909407015        -0.1441922978
        5.0266666667        -0.3731978779         0.7197474297
        5.1266666667         0.4071190971         0.6434324335
        5.2266666667        -1.7650425302         0.5753974633
        5.3266666667        -0.7378099393         1.4992221575
        5.4266666667        -0.7191454871         1.4392812271
        5.5266666667         0.1719244127         1.1667809199
        5.6266666667        -0.1093486993         0.7169383124
        5.7266666667         0.2680022255         0.8982216750
        5.8266666667         0.0651287929         1.3501240949
        5.9266666667         0.2840530627         1.6929344819
        6.0266666667        -0.1363839170         0.7256791747
        6.1266666667         1.1382137830         0.4067522154
        6.2266666667         0.7626505426         1.1964633572
        6.3266666667         0.3436833797         0.2540286133
        6.4266666667        -0.0028451180         0.9814182700
        6.5266666667        -0.6688545180         0.8645909313
        6.6266666667         0.0024017641        -1.2129350266
        6.7266666667         0.4356444631        -0.6444540413
        6.8266666667         0.6809265031         0.3736035003
        6.9266666667         1.9003804396         0.7984826134
        7.0266666667         1.7974720002         0.1203212152
        7.1266666667         0.6296794959         0.2976028120
        7.2266666667         0.7651445018         0.2107999812
        7.3266666667         1.1346082699         0.4821944039
        7.4266666667         0.0887295460        -0.8885227167
        7.5266666667         0.5949526773        -3.0989631127
        7.6266666667         0.8965093130        -1.2263072973
        7.7266666667         1.2421904524         0.0099238204
        7.8266666667         1.5123581877        -1.0761641642
        7.9266666667         1.7092677169         1.5765039182
        8.0266666667         8.6779499482        11.7572268544
        8.1266666667        -2.5751681144        -2.7888271354
        8.2266666667        -5.9490070388       -12.9557028922
        8.3266666667        -0.5477817843        -3.3568494068
        8.4266666667        -7.9059123594       -19.6682595188
        8.5266666667         0.3993998739         3.4768432159
        8.6266666667         7.4036132246         2.2201703073
        8.7266666667         5.5579011912        18.5151263018
        8.8266666667         6.4696262082        11.0187007931
        8.9266666667         3.5963724897         5.8099047111
        9.0266666667        -0.4105253161        -4.9846153884
        9.1266666667        -3.0207856229         2.7345386114
        9.2266666667       -13.7737097315       -36.5702064072
        9.3266666667       -15.6710513046       -18.2606253117
        9.4266666667         7.9573160710        -0.7292854987
        9.5266666667        16.0436736200        29.7418013537
        9.6266666667        10.3769817475        12.7621504841
        9.7266666667        -9.7407546351         1.5730413439
        9.8266666667        -9.3028609591       -14.8005387758
        9.9266666667        -1.5594455513         3.5326662348
       10.0266666667         8.0158077280        -0.1633094490
       10.1266666667        -0.0128469336         6.1972267132
       10.2266666667        -5.3876227201        -9.9606730999
       10.3266666667        -7.4644765896        -6.3867494255
       10.4266666667         4.2391304001         8.5938479633
       10.5266666667         9.0384512955         9.1509236723
       10.6266666667         0.4702737972        -0.0204823086
       10.7266666667       -13.9265933582       -19.4261144425
       10.8266666667        -6.3837868952       -10.1697427917
       10.9266666667         0.4837654072         7.8678493322
       11.0266666667        10.4712279810        15.5018266794
       11.1266666667        11.1192875163        20.0872159998
       11.2266666667         1.5161577468         5.2722478855
       11.3266666667        -4.2284571110        -8.0081172292
       11.4266666667       -10.6336409415       -16.9929912847
       11.5266666667        -4.4364189491       -11.6256624820
       11.6266666667         5.5531264382         5.7462335438
       11.7266666667         3.9930685875         7.4233900868
       11.8266666667        -1.0671467732         2.5822529462
       11.9266666667        -1.2098622760         0.1028436954
       12.0266666667         4.4117645213        12.6389533438
       12.1266666667         1.6231960932         1.3685282601
       12.2266666667        -3.1047347320        -4.9586727388
       12.3266666667        -9.7665345855       -12.1318884168
       12.4266666667       -11.2336074996       -14.4322653305
       12.5266666667         2.2238176318         3.0623753983
       12.6266666667         5.4779935177         7.8608291968
       12.7266666667         6.9016096486        12.2095692293
       12.8266666667         0.7129518468         3.0432916967
       12.9266666667       -10.2564652040       -15.0947749236
       13.0266666667        -4.5179533211        -0.6023795937
       13.1266666667         7.5176633810         5.5831437596
       13.2266666667         3.7149605952         9.8916100179
       13.3266666667         0.1543431572        -2.9794535855
       13.4266666667        -4.4570636508        -6.8720522214
       13.5266666667        -4.0344541468        -3.2924812720
       13.6266666667         1.3881015106        -1.7968641470
       13.7266666667         1.5350639405         1.2059946148
       13.8266666667         5.8715233634         7.7591187023
       13.9266666667        -3.5285812512        -4.7002575404
       14.0266666667        -3.9002098243        -2.8550921310
       14.1266666667         4.7898508831         7.3199545966
       14.2266666667         9.7206133452        11.6607090660
       14.3266666667        -2.8389588557        -2.7544989545
       14.4266666667        -2.4062781459        -9.7087524505
       14.5266666667        -7.6603368204        -9.9107200763
       14.6266666667         0.6385643208        -4.8192383490
       14.7266666667         1.5768960627         2.6798192140
       14.8266666667         6.6836548344         7.7764380737
       14.9266666667         4.3299619230         8.9981545088
       15.0266666667         1.8517640207         2.5121626132
       15.1266666667        -3.8456905844        -4.3703804457
       15.2266666667         0.2450023607        -0.1223035287
       15.3266666667         4.8981846184         6.7039099009
       15.4266666667         0.7490476581        -5.6115509326
       15.5266666667        -6.2117780594       -11.7748052167
       15.6266666667        -0.7350552052        -1.3245659521
       15.7266666667         4.1932952340        -0.6789498764
       15.8266666667         5.3010170377         7.8352913326
       15.9266666667         2.9390807600         3.2256947435
       16.0266666667         1.2005771230         2.4522058081
       16.1266666667        -2.4450203811         1.3284363319
       16.2266666667        -2.6949214318        -6.9467364910
       16.3266666667        -0.0787174627         2.9557729849
       16.4266666667         4.9247754750         6.5754217205
       16.5266666667        -3.9229031300        -7.2586209860
       16.6266666667        -7.9576683478        -7.1568889280
       16.7266666667        -1.8657596182        -7.3477796099
       16.8266666667         6.2276105913        14.1291796048
       16.9266666667         0.5107606457         4.1605928429
       17.0266666667         0.1733837988        -2.1806497195
       17.1266666667        -1.0614954594         8.5166777038
       17.2266666667         0.0723860983        -0.8148551401
       17.3266666667        -6.3098632490        -7.6592838810
       17.4266666667         2.7295423366         1.3570535861
       17.5266666667         3.5258203126         2.2862142220
       17.6266666667         0.1122960420        -1.5438459984
       17.7266666667        -8.9385645504       -11.6796521044
       17.8266666667        -1.2557553361        -3.4065950747
       17.9266666667         6.7287095943        12.6986337531
       18.0266666667         3.4422173399         0.4523579271
       18.1266666667        -4.7338237130        -2.2104051169
       18.2266666667         1.2105148762        -2.8452081236
       18.3266666667        -4.8989617691        -4.0239324964
       18.4266666667         2.7202997331         1.8560740248
       18.5266666667         0.0625820568        -3.6114218019
       18.6266666667         0.6598738543         1.3610541891
       18.7266666667        -2.6392164694        -1.0683540389
       18.8266666667        -2.3859746164        -8.4322516035
       18.9266666667         2.5043579430         8.1296490279
       19.0266666667         7.6422052390         5.0521826257
       19.1266666667        -6.8693907910        -6.8718627956
       19.2266666667        -0.8700704931         0.6307078899
       19.3266666667        -1.6911374610        -4.8202657746
       19.4266666667         1.2533283962         2.2378539769
       19.5266666667         3.4116754582         3.9385321618
       19.6266666667         3.1872737023         0.8992452710
       19.7266666667        -6.5463911395        -0.4561012761
       19.8266666667        -2.9294744333       -14.4725306214
       19.9266666667        -0.7346138102         5.1581058316
       20.0266666667         8.6918264521        16.4361007726
       20.1266666667        -3.2303184693        -3.6890624685
       20.2266666667        -4.0057938497        -2.4022992768
       20.3266666667         1.4740576069         0.7916821405
       20.4266666667         2.7759342333         7.2355467296
       20.5266666667        -3.0535637578        -6.9620795849
       20.6266666667        -0.3111890718        -4.8912337536
       20.7266666667         1.2479990302         8.7979498934
       20.8266666667         0.5703812371        -1.2781548108
       20.9266666667        -3.0667023008        -1.0270374920
       21.0266666667         4.6240750237         3.3811994309
       21.1266666667         2.4664453230         7.3385656497
       21.2266666667        -0.5084205914        -1.3506556987
       21.3266666667        -1.1753285548        -3.1972526868
       21.4266666667         0.7081611186         5.2071251388
       21.5266666667        -2.3356351435        -0.7620536139
       21.6266666667        -2.8940469138        -8.0571958758
       21.7266666667         1.9244708146         6.0198899609
       21.8266666667         4.7354336238         6.7636772070
       21.9266666667        -6.6864749018        -7.8004405632
       22.0266666667        -2.9722333925        -5.2973846547
       22.1266666667         3.2648655917        12.8561575095
       22.2266666667         3.7074924457         3.6013219285
       22.3266666667        -3.5038189300        -6.2340512287
       22.4266666667        -2.0518086399        -3.6800806943
       22.5266666667         3.6913974478         5.8924621494
       22.6266666667         1.9666632225         1.7717861622
       22.7266666667        -1.7540884183        -8.7861060384
       22.8266666667         0.6020164672         0.0884785870
       22.9266666667         0.6482018965        -0.1274062571
       23.0266666667        -0.8791901598        -4.6453718632
       23.1266666667         5.2003175322         2.0546803403
       23.2266666667         1.5231668452         0.1151464334
       23.3266666667         0.4653076882        -3.1999214573
       23.4266666667        -1.0055454610        -3.8691827082
       23.5266666667         2.3986047087         1.9091410005
       23.6266666667        -0.0737499034         3.4687321300
       23.7266666667        -1.9837504637        -6.6288731909
       23.8266666667        -1.1135518535        -1.1642968511
       23.9266666667         1.5401464771         0.8841551226
       24.0266666667         0.3282188065         0.4204308249
       24.1266666667        -3.4838261476        -6.6336494073
       24.2266666667        -0.2762339851         0.4014474586
       24.3266666667         4.1370243898         9.9269669938
       24.4266666667        -0.7290118111        -3.6034537692
       24.5266666667        -3.7919217154        -3.6063269715
       24.6266666667         0.2046007252         0.4527125206
       24.7266666667         1.5655314453        -0.9365267242
       24.8266666667        -1.8389426810         0.3312268829
       24.9266666667        -1.5642231014        -5.9640632948
