        0.0100000000        -1.0885955733        -0.3958171269
        0.1100000000        -1.0502567236         0.8489518761
        0.2100000000        -0.7208793130         0.7651613054
        0.3100000000        -2.1187262012         0.3831649579
        0.4100000000        -1.1712544952         0.4973557588
        0.5100000000        -0.9663516552        -0.2615908911
        0.6100000000        -1.3044038609         0.2697839373
        0.7100000000         0.1581397664         0.6581971353
        0.8100000000        -0.5565717616         0.0576845630
        0.9100000000        -0.8428924321        -0.0470626727
        1.0100000000        -0.2870027374         0.2887043578
        1.1100000000        -1.0073877575         0.6957100417
        1.2100000000        -0.4790297476         1.4891497728
        1.3100000000        -0.6081493563         1.5468956094
        1.4100000000        -0.0971981160         1.2066667758
        1.5100000000        -0.5231886492         1.7951215001
        1.6100000000        -1.2230880362         2.0041683423
        1.7100000000        -0.6586789295         0.7369432093
        1.8100000000        -0.2624094520         0.4502964770
        1.9100000000        -0.6007902293         0.8479523682
        2.0100000000        -1.1484814145         1.4993841518
        2.1100000000        -0.5325046781         1.5446435029
        2.2100000000         0.1645749581         1.1669495245
        2.3100000000         0.9612248189         1.3617404951
        2.4100000000         0.9154998840         1.4233936001
        2.5100000000         1.2853160967         1.5389428711
        2.6100000000         1.0155605408         1.6181365109
        2.7100000000         1.3931318265         2.8082826739
        2.8100000000         1.5818682310         0.9998796363
        2.9100000000         1.3219158320        -0.8823100181
        3.0100000000         0.2765577872        -2.7424130338
        3.1100000000         0.5828014105        -2.4990294764
        3.2100000000        -0.2354943870        -1.3067513381
        3.3100000000        -0.1806286993         0.2384917044
        3.4100000000         0.1119180241         0.8901594300
        3.5100000000        -0.1780452756         1.2829483863
        3.6100000000         0.3189944211         1.6252709265
        3.7100000000         0.9593683248         0.9487798462
        3.8100000000         0.8441388375        -0.1591759746
        3.9100000000         0.5750975631         0.2785610754
        4.0100000000         0.3903832632         1.4758351600
        4.1100000000        -0.1919274600         1.1633387536
        4.2100000000         0.4090405714         0.4676718384
        4.3100000000         1.1421499706         0.5878694314
        4.4100000000         0.7492134926         0.6138131831
        4.5100000000         0.5567473113        -0.4374207318
        4.6100000000         0.6671990702         0.2167311096
        4.7100000000        -0.0823915611        -0.3642647088
        4.8100000000        -0.9812289887        -0.4290206958
        4.9100000000        -0.2057899340        -0.0404323523
        5.0100000000        -0.7975686852         0.4983748592
        5.1100000000        -1.2624901276         0.5129656657
        5.2100000000        -1.3836330215        -0.0987820767
        5.3100000000        -0.4723337484        -0.2437933616
        5.4100000000        -1.0013901777        -0.9568690742
        5.5100000000        -1.1918187839        -0.9558060725
        5.6100000000         0.1999735050        -0.3540175016
        5.7100000000        -0.2650295860         0.6308590905
        5.8100000000        -0.5049577894         0.1057715660
        5.9100000000        -0.4372940856         0.6649721456
        6.0100000000        -0.5747685590         0.3968532768
        6.1100000000         0.7980434663        -0.0440648108
        6.2100000000         0.5290287411         0.2811012572
        6.3100000000         2.6374309647         0.5988602210
        6.4100000000        -0.3741054778        -0.9330618424
        6.5100000000        -0.3657259187        -1.1633807014
        6.6100000000         0.2726667433        -1.9369637226
        6.7100000000        -0.0509115084        -1.4963357196
        6.8100000000        -0.6115448104        -1.1648389006
        6.9100000000         0.2680669387        -2.1845219864
        7.0100000000         1.2947993904        -0.7213619144
        7.1100000000         0.7717140019        -0.7309012805
        7.2100000000        -0.7255308567        -0.9227147364
        7.3100000000        -0.5685141367        -0.4344337367
        7.4100000000         0.7313155342        -1.7135608860
        7.5100000000         2.2502595983        -3.5667184573
        7.6100000000         3.5326870614        -3.7912551295
        7.7100000000         1.0666946554        -2.8523146429
        7.8100000000         1.6290906132        -1.4405176992
        7.9100000000         4.3852797342        -5.6389689160
        8.0100000000         6.5605823451        -4.3359589157
        8.1100000000         5.3960050788        -9.4358509120
        8.2100000000         6.6027165573         1.7683243518
        8.3100000000        -8.9729964911         1.3227661524
        8.4100000000        -7.2406097971        15.6810176760
        8.5100000000        -7.1287118556        13.1823587581
        8.6100000000         3.2785676626         2.7607632877
        8.7100000000         8.7757811755       -15.6894045796
        8.8100000000         5.5169421581       -18.6883756029
        8.9100000000         4.5998143793        -3.8526769584
        9.0100000000        -7.6773205849        10.6561945581
        9.1100000000        -7.9919746323        17.6727870674
        9.2100000000        -9.0168275212        15.6255275687
        9.3100000000         1.1485926809        -0.2238596327
        9.4100000000         2.3849379326        -9.5435944963
        9.5100000000         4.6013048446        -8.0127450303
        9.6100000000         4.9262310980       -12.4331068458
        9.7100000000         3.4764223296        -8.9862538332
        9.8100000000        -1.3160592056         7.0598715816
        9.9100000000       -14.4986233002        24.3784213172
       10.0100000000       -10.5256333032        28.5233168570
       10.1100000000        -4.6792708840        15.1024598764
       10.2100000000         2.7109421609       -16.2837490513
       10.3100000000         9.7066385074       -32.3285835359
       10.4100000000         9.8176373284       -23.7992196082
       10.5100000000        -0.8179822558        -7.1174407918
       10.6100000000       -10.4787292459        14.8200220668
       10.7100000000        -5.7550380723        20.4117929772
       10.8100000000        -9.2519307277        20.4674280190
       10.9100000000        -5.1249207119        13.3493135387
       11.0100000000         3.4679413268        -4.4368242914
       11.1100000000         2.7049118741       -15.1186190196
       11.2100000000         2.2910076030       -17.0683332530
       11.3100000000         3.4260749334        -7.6705099705
       11.4100000000        -4.4307200428         1.6051532120
       11.5100000000        -7.5464583373        16.5173982348
       11.6100000000        -4.3374986407        10.3316695720
       11.7100000000        -2.0415673468         1.2182039240
       11.8100000000         5.8095962482        -6.8996602575
       11.9100000000         4.2518513690       -13.1037373176
       12.0100000000         0.5850689449        -1.7119400904
       12.1100000000        -0.0392121413        10.4593638087
       12.2100000000        -6.1159576765         7.9999926487
       12.3100000000        -4.1690060698         9.4103141890
       12.4100000000         0.6524124248        -2.7109074646
       12.5100000000         3.8893217186        -8.7431039098
       12.6100000000         3.9860520404        -5.7562215733
       12.7100000000         1.4535131315        -0.0438491290
       12.8100000000         1.6503569688        -0.6555222118
       12.9100000000        -0.6720102864         3.9284112236
       13.0100000000        -3.4573062623         6.5262649410
       13.1100000000        -0.8390519126         5.7160701629
       13.2100000000         0.0415673398         2.2378241459
       13.3100000000         6.5485730123       -11.7866696421
       13.4100000000         5.7920455370       -13.4107348406
       13.5100000000         1.8132020319        -5.0309475724
       13.6100000000        -0.1591107754         1.6819429462
       13.7100000000        -3.4029528905         8.4331589390
       13.8100000000        -1.9327437254         6.2945790277
       13.9100000000         0.3140500976        -2.0298803681
       14.0100000000         4.8083390389        -5.3533181849
       14.1100000000         4.9936565493        -4.1805610953
       14.2100000000         0.3944223781        -2.1738595429
       14.3100000000         2.3880500275         0.4671409037
       14.4100000000         6.2089738253         0.1517278486
       14.5100000000         0.4403719066        -2.9088923562
       14.6100000000         2.0126318351         1.9180869852
       14.7100000000         6.7738823650        -2.7632088127
       14.8100000000         3.4853357088        -5.8288462659
       14.9100000000         8.2968306498        -0.2792576019
       15.0100000000         3.8587283948        -0.1132294308
       15.1100000000         2.0822308204        -0.1077269246
       15.2100000000         0.8935388088         2.6626964969
       15.3100000000        -1.9911347652         6.6799065111
       15.4100000000        -3.4326864892         1.3622991945
       15.5100000000         1.0516845143        -3.9419295251
       15.6100000000         5.6798313443        -6.2836748295
       15.7100000000        -3.5429533423        -4.6202801500
       15.8100000000        -0.7228576017        -0.8126014159
       15.9100000000         2.9556176066        -0.5000670907
       16.0100000000        -4.0708997047         1.5602118939
       16.1100000000        -4.7948100262         5.0638470821
       16.2100000000        -5.4204967110         3.2777674016
       16.3100000000        -5.6945026350         7.1099549767
       16.4100000000        -5.0986059481         2.2400655792
       16.5100000000        -5.8795910455        -3.0001266432
       16.6100000000        -0.1511054939        -1.1911626531
       16.7100000000        -2.2512120042        -5.0357712429
       16.8100000000        -4.1674496571        -1.7413806578
       16.9100000000         0.6387140802         4.5036426779
       17.0100000000        -6.3687602365         1.7143100639
       17.1100000000        -4.0758208669         2.8350444195
       17.2100000000        -0.8509051793         3.5330570964
       17.3100000000        -4.5068929437        -2.7810988355
       17.4100000000        -2.6900095157         0.8042854991
       17.5100000000        -1.6823870259         1.5763070529
       17.6100000000        -5.1386711274        -3.7177031235
       17.7100000000         1.0872994119         0.5016227912
       17.8100000000         0.4480336593         0.3798043174
       17.9100000000        -2.9135821753         0.8313316084
       18.0100000000         0.9260698440         5.3952294828
       18.1100000000         1.6344862110         2.8607222984
       18.2100000000        -2.4189939759        -3.8433591069
       18.3100000000         0.0642829241         0.0647656642
       18.4100000000         2.0030110590         2.3411927554
       18.5100000000        -3.4355590607        -0.6616375894
       18.6100000000        -0.1059252795        -0.4078014374
       18.7100000000         8.9322196941        -4.5324903249
       18.8100000000         1.0488826162        -4.0522829117
       18.9100000000        -1.8084153318         4.5725373113
       19.0100000000         1.1014234887         6.1749031568
       19.1100000000         0.9490266740         4.7835472960
       19.2100000000         5.8418171805         0.2035914434
       19.3100000000         5.9531000145        -3.9541757340
       19.4100000000         5.6557929842         0.0739768431
       19.5100000000         5.9208401122        -4.5594364497
       19.6100000000         1.1479606426        -6.8053433023
       19.7100000000         2.9605890311         0.1494580030
       19.8100000000        -0.4050047007         2.3638154512
       19.9100000000        -4.7042349539         4.2124894340
       20.0100000000         3.5545100220         4.2828696914
       20.1100000000         5.1674388071        -3.8368298387
       20.2100000000        -1.8525131181        -2.0942984261
       20.3100000000         4.5701319198        -3.7094473647
       20.4100000000         3.6768599984        -3.8438176067
       20.5100000000        -0.4007512042         1.4598740949
       20.6100000000        -3.3164217693         3.4874270953
       20.7100000000         0.9184153298         0.4818393268
       20.8100000000         2.1079899562        -0.7907475472
       20.9100000000        -2.3022694131        -0.1647901211
       21.0100000000        -1.6643880431        -1.3330341622
       21.1100000000        -0.4780955331        -5.0152001475
       21.2100000000        -0.4841707102        -0.4211384925
       21.3100000000        -1.1395658236         0.0725744319
       21.4100000000        -3.0714408014        -2.0140027527
       21.5100000000         0.5502311608        -3.1785772483
       21.6100000000         0.7044965702        -1.5448995346
       21.7100000000        -6.0196420487        -0.9674505061
       21.8100000000        -2.1176371772         1.6183919868
       21.9100000000        -1.6242433600         5.5147656835
       22.0100000000        -5.7920013190         4.6305692740
       22.1100000000        -2.1393424389         3.5988630841
       22.2100000000         1.6396492717         4.6232678844
       22.3100000000        -1.8337280927         0.6114039895
       22.4100000000        -0.4198406540        -3.4823624833
       22.5100000000         3.7033904818        -2.7231700323
       22.6100000000        -0.0433887764         0.9115590491
       22.7100000000        -3.6047800766        -0.6407036398
       22.8100000000         0.9542949398        -0.4151998705
       22.9100000000         0.0996127263        -2.6369723016
       23.0100000000        -1.7983308437        -0.6699906077
       23.1100000000         1.2415523007         1.8065220488
       23.2100000000         0.4648487116         1.6274265188
       23.3100000000        -0.1368585417         1.0289872545
       23.4100000000         2.2145217131         2.2953215038
       23.5100000000         0.8906719823        -0.5336935982
       23.6100000000         1.3676394106        -0.6537054063
       23.7100000000         1.5895968044        -0.4356748189
       23.8100000000         1.2974206044        -2.1832869174
       23.9100000000         2.6341541590        -2.5517094085
       24.0100000000        -0.3997923556         1.0267260359
       24.1100000000        -1.5732742719         3.4283486324
       24.2100000000        -0.6000358742         2.3122836582
       24.3100000000        -0.3884192262         1.5089698929
       24.4100000000        -0.2272193254        -0.7470212038
       24.5100000000         0.9344408044         0.0880176569
       24.6100000000        -2.5816149053         0.3783330145
       24.7100000000        -3.4597278624        -0.7291832538
       24.8100000000         1.9149911522        -1.3212998655
       24.9100000000         0.7000592831        -2.0114793023
