        0.0100000000        -1.2253309673         0.1683939251
        0.1100000000        -1.1748968770         1.4007466426
        0.2100000000        -0.8325143787         1.3015839620
        0.3100000000        -2.2165241817         0.9013403143
        0.4100000000        -1.2544663515         0.9945040673
        0.5100000000        -1.0343159158         0.2118603555
        0.6100000000        -1.3565507040         0.7169915477
        0.7100000000         0.1222849757         1.0767510288
        0.8100000000        -0.5757580247         0.4453234933
        0.9100000000        -0.8451342465         0.3075604495
        1.0100000000        -0.2721265405         0.6083819682
        1.1100000000        -0.9753235519         0.9786934388
        1.2100000000        -0.4298117049         1.7338801935
        1.3100000000        -0.5419158167         1.7520121982
        1.4100000000        -0.0141909858         1.3710135496
        1.5100000000        -0.4237522005         1.9177532773
        1.6100000000        -1.1076671184         2.0843556071
        1.7100000000        -0.5278166028         0.7741758916
        1.8100000000        -0.1167440579         0.4442866278
        1.9100000000        -0.4410519156         0.7986357216
        2.0100000000        -0.9754881356         1.4069205654
        2.1100000000        -0.3471576927         1.4094162762
        2.2100000000         0.3612960653         0.9895635995
        2.3100000000         1.1682675632         1.1430195485
        2.4100000000         1.1317447249         1.1643760418
        2.5100000000         1.5095826666         1.2408767688
        2.6100000000         1.2466142237         1.2824734664
        2.7100000000         1.6296906511         2.4366706799
        2.8100000000         1.8226100389         0.5941549498
        2.9100000000         1.5654856829        -1.3201319482
        3.0100000000         0.5215755594        -3.2101475392
        3.1100000000         0.8278695563        -2.9943334956
        3.2100000000         0.0082170253        -1.8271350434
        3.3100000000         0.0603172496        -0.3043474650
        3.4100000000         0.3486961186         0.3276103554
        3.5100000000         0.0531768580         0.7035426214
        3.6100000000         0.5432946558         1.0319551044
        3.7100000000         1.1754106736         0.3445792911
        3.8100000000         1.0506248997        -0.7711723922
        3.9100000000         0.7707739753        -0.3380942784
        4.0100000000         0.5740489210         0.8576900908
        4.1100000000        -0.0214144447         0.5468895277
        4.2100000000         0.5653249241        -0.1438957211
        4.3100000000         1.2832018215        -0.0156464890
        4.4100000000         0.8741071203         0.0214869479
        4.5100000000         0.6646406424        -1.0154671231
        4.6100000000         0.7573387719        -0.3440089333
        4.7100000000        -0.0106654549        -0.9047510493
        4.8100000000        -0.9284789420        -0.9464002802
        4.9100000000        -0.1724772889        -0.5319611558
        5.0100000000        -0.7840505773         0.0353175975
        5.1100000000        -1.2690169547         0.0808637728
        5.2100000000        -1.4103464806        -0.4975947453
        5.3100000000        -0.5192654528        -0.6071452609
        5.4100000000        -1.0684608639        -1.2827625480
        5.5100000000        -1.2788381135        -1.2424281115
        5.6100000000         0.0933065444        -0.5997496260
        5.7100000000        -0.3909334895         0.4274318752
        5.8100000000        -0.6495798667        -0.0541472117
        5.9100000000        -0.6000096687         0.5495469048
        6.0100000000        -0.7548498434         0.3266823363
        6.1100000000         0.6014240920        -0.0684498407
        6.2100000000         0.3167948147         0.3028008973
        6.3100000000         2.4105975353         0.6667078832
        6.4100000000        -0.6144367768        -0.8192396081
        6.5100000000        -0.6183722854        -1.0039943692
        6.6100000000         0.0089634007        -1.7326598311
        6.7100000000        -0.3243447570        -1.2479947300
        6.8100000000        -0.8933186320        -0.8735718748
        6.9100000000        -0.0206029428        -1.8516660958
        7.0100000000         1.0007257241        -0.3484747928
        7.1100000000         0.4737688741        -0.3197542429
        7.2100000000        -1.0257830464        -0.4752848893
        7.3100000000        -0.8694851010         0.0471049900
        7.4100000000         0.4312296058        -1.2002740261
        7.5100000000         1.9526695424        -3.0242200201
        7.6100000000         3.2392021546        -3.2222455228
        7.7100000000         0.7789139841        -2.2596452691
        7.8100000000         1.3485944430        -0.8271772548
        7.9100000000         4.1136209251        -5.0080689092
        8.0100000000         6.2992778575        -3.6907184675
        8.1100000000         5.1465276140        -8.7795809107
        8.2100000000         6.3664863790         2.4322376722
        8.3100000000        -9.1946195126         1.9908781299
        8.4100000000        -7.4463338733        16.3498425585
        8.5100000000        -7.3173206601        13.8483873766
        8.6100000000         3.1082079629         3.4204809829
        8.7100000000         8.6247152771       -15.0394998665
        8.8100000000         5.3861194031       -18.0517551605
        8.9100000000         4.4900829982        -3.2327631485
        9.0100000000        -7.7652187363        11.2560463560
        9.1100000000        -8.0574088116        18.2493063189
        9.2100000000        -9.0592822842        16.1755461634
        9.3100000000         1.1295138748         0.2966098254
        9.4100000000         2.3895097169        -9.0555862809
        9.5100000000         4.6296775652        -7.5599575972
        9.6100000000         4.9784290726       -12.0181316127
        9.7100000000         3.5523427609        -8.6114992619
        9.8100000000        -1.2166466521         7.3921940160
        9.9100000000       -14.3760762456        24.6663102754
       10.0100000000       -10.3804357287        28.7649933270
       10.1100000000        -4.5120315271        15.2963783357
       10.2100000000         2.8994920848       -16.1388905695
       10.3100000000         9.9156482516       -32.2338345370
       10.4100000000        10.0461402201       -23.7553694473
       10.5100000000        -0.5710645651        -7.1250122562
       10.6100000000       -10.2145819007        14.7607778570
       10.7100000000        -5.4749475247        20.3009003092
       10.8100000000        -8.9572786634        20.3051889318
       10.9100000000        -4.8171774166        13.1363087440
       11.0100000000         3.7872241306        -4.6997359356
       11.1100000000         3.0341086873       -15.4303024966
       11.2100000000         2.6284272717       -17.4273808469
       11.3100000000         3.7699691940        -8.0752461969
       11.4100000000        -4.0821476354         1.1566652085
       11.5100000000        -7.1950431421        16.0273488308
       11.6100000000        -3.9851053697         9.8024933819
       11.7100000000        -1.6900802562         0.6525691136
       11.8100000000         6.1582833637        -7.4988640261
       11.9100000000         4.5958453288       -13.7334122669
       12.0100000000         0.9224874302        -2.3687949831
       12.1100000000         0.2897697016         9.7787977966
       12.2100000000        -5.7972422161         7.2993449023
       12.3100000000        -3.8623450941         8.6933565479
       12.4100000000         0.9452825400        -3.4402798154
       12.5100000000         4.1667262356        -9.4808924670
       12.6100000000         4.2463875408        -6.4983453689
       12.7100000000         1.6952569113        -0.7861663140
       12.8100000000         1.8720760956        -1.3938522679
       12.9100000000        -0.4716503070         3.1982647523
       13.0100000000        -3.2795332621         5.8084913081
       13.1100000000        -0.6849793268         5.0148279873
       13.2100000000         0.1709476682         1.5572178078
       13.3100000000         6.6523974453       -12.4426136540
       13.4100000000         5.8695846283       -14.0380915051
       13.5100000000         1.8638658475        -5.6259167060
       13.6100000000        -0.1357680393         1.1230136532
       13.7100000000        -3.4072290269         7.9137513520
       13.8100000000        -1.9647854029         5.8179825931
       13.9100000000         0.2542496540        -2.4605898704
       14.0100000000         4.7209415490        -5.7352990343
       14.1100000000         4.8789793428        -4.5112250384
       14.2100000000         0.2529382081        -2.4508900936
       14.3100000000         2.2203860205         0.2457713964
       14.4100000000         6.0159095639        -0.0122575180
       14.5100000000         0.2228366401        -3.0140892937
       14.6100000000         1.7717008233         1.8727512750
       14.7100000000         6.5107723609        -2.7479529943
       14.8100000000         3.2013995929        -5.7526203488
       14.9100000000         7.9935512335        -0.1420421194
       15.0100000000         3.5377114134         0.0846305501
       15.1100000000         1.7451971422         0.1500645402
       15.2100000000         0.5423158927         2.9793371487
       15.3100000000        -2.3546221300         7.0539455696
       15.4100000000        -3.8064261201         1.7919203720
       15.5100000000         0.6697816237        -3.4589028379
       15.6100000000         5.2919198709        -5.7497721454
       15.7100000000        -3.9346647354        -4.0383742260
       15.8100000000        -1.1161184240        -0.1858963552
       15.9100000000         2.5630870999         0.1679157800
       16.0100000000        -4.4604038203         2.2656503430
       16.1100000000        -5.1789885515         5.8026364469
       16.2100000000        -5.7970607444         4.0455411633
       16.3100000000        -6.0611871349         7.9021073681
       16.4100000000        -5.4531833630         3.0517761441
       16.5100000000        -6.2198849345        -2.1738666336
       16.6100000000        -0.4750040598        -0.3555220372
       16.7100000000        -2.5566814602        -4.1960491785
       16.8100000000        -4.4525473473        -0.9029753428
       16.9100000000         0.3758268868         5.3352666278
       17.0100000000        -6.6077145140         2.5336554179
       17.1100000000        -4.2892480215         3.6366161422
       17.2100000000        -1.0373505522         4.3113979816
       17.3100000000        -4.6650521166        -2.0313719051
       17.4100000000        -2.8187382857         1.5201261270
       17.5100000000        -1.7807105885         2.2531366840
       17.6100000000        -5.2057923983        -3.0848246667
       17.7100000000         1.0519924046         1.0858310212
       17.8100000000         0.4449613756         0.9108805078
       17.9100000000        -2.8841961344         1.3051065603
       18.0100000000         0.9879367109         5.8078609951
       18.1100000000         1.7286522230         3.2087283067
       18.2100000000        -2.2929165632        -3.5630688912
       18.3100000000         0.2216772887         0.2746714567
       18.4100000000         2.1909218544         2.4784950205
       18.5100000000        -3.2181364966        -0.5986828256
       18.6100000000         0.1398034992        -0.4204399313
       18.7100000000         9.2048528206        -4.6214492864
       18.8100000000         1.3468278243        -4.2177536702
       18.9100000000        -1.4869334639         4.3309134185
       19.0100000000         1.4444920026         5.8580454590
       19.1100000000         1.3115670907         4.3929428234
       19.2100000000         6.2215611617        -0.2587018670
       19.3100000000         6.3476379961        -4.4855298305
       19.4100000000         6.0625877348        -0.5232448168
       19.5100000000         6.3372414280        -5.2187765043
       19.6100000000         1.5712211150        -7.5225102525
       19.7100000000         3.3878808173        -0.6207201027
       19.8100000000         0.0234278156         1.5459435516
       19.9100000000        -4.2775965042         3.3527155439
       20.0100000000         3.9763946633         3.3874283209
       20.1100000000         5.5816048553        -4.7612977312
       20.2100000000        -1.4490150639        -3.0407861464
       20.3100000000         4.9600487948        -4.6706275445
       20.4100000000         4.0503398364        -4.8120914754
       20.5100000000        -0.0464856738         0.4923234098
       20.6100000000        -2.9840479594         2.5285774568
       20.7100000000         1.2263410024        -0.4602310729
       20.8100000000         2.3890529299        -1.7079240968
       20.9100000000        -2.0503214166        -1.0489886038
       21.0100000000        -1.4436251749        -2.1762700877
       21.1100000000        -0.2903867159        -5.8096601700
       21.2100000000        -0.3311654357        -1.1592534424
       21.3100000000        -1.0226770090        -0.6019445820
       21.4100000000        -2.9918288632        -2.6180679412
       21.5100000000         0.5916728604        -3.7057983040
       21.6100000000         0.7071547474        -1.9894276409
       21.7100000000        -6.0560892538        -1.3240508678
       21.8100000000        -2.1932106817         1.3542697024
       21.9100000000        -1.7386555849         5.3469197435
       22.0100000000        -5.9446507369         4.5619818893
       22.1100000000        -2.3293103464         3.6316408373
       22.2100000000         1.4135996395         4.7585873982
       22.3100000000        -2.0943061847         0.8494636821
       22.4100000000        -0.7130815431        -3.1423837044
       22.5100000000         3.3796581338        -2.2831462745
       22.6100000000        -0.3951449792         1.4486758201
       22.7100000000        -3.9818084098        -0.0105390117
       22.8100000000         0.5550154048         0.3028692838
       22.9100000000        -0.3186455783        -1.8372339560
       23.0100000000        -2.2320644640         0.2041076891
       23.1100000000         0.7960546034         2.7466279038
       23.2100000000         0.0114800124         2.6241884594
       23.3100000000        -0.5940519190         2.0721127154
       23.4100000000         1.7576720918         3.3736492396
       23.5100000000         0.4384230911         0.5678937296
       23.6100000000         0.9243009026         0.4585197588
       23.7100000000         1.1594930257         0.6740049988
       23.8100000000         0.8848506783        -1.0897641398
       23.9100000000         2.2433503598        -1.4882358433
       24.0100000000        -0.7647076932         2.0461405058
       24.1100000000        -1.9083330325         4.3897533339
       24.2100000000        -0.9014693319         3.2019773754
       24.3100000000        -0.6527037755         2.3137033409
       24.4100000000        -0.4511224239        -0.0398320733
       24.5100000000         0.7538148640         0.6859660775
       24.6100000000        -2.7164500177         0.8564614398
       24.7100000000        -3.5466847201        -0.3801029828
       24.8100000000         1.8775309681        -1.1089090940
       24.9100000000         0.7132043298        -1.9415985558
