        0.0100000000         2.9462455793         1.4322025685
        0.1100000000         1.9109837148         2.2101530599
        0.2100000000         3.1164310814         1.8975444760
        0.3100000000         4.3077942049         1.6786036221
        0.4100000000         3.7508216614         2.7157384682
        0.5100000000         3.1552023641         2.7256916904
        0.6100000000         2.2345264767         2.4889855285
        0.7100000000         2.1196379625         2.0080596810
        0.8100000000         1.1643737097         1.8487133030
        0.9100000000         0.2056969894         1.6504837272
        1.0100000000        -0.0489187992         1.1377473262
        1.1100000000        -0.7757445271         0.9392942590
        1.2100000000        -0.7363501458         0.1888122463
        1.3100000000        -0.9860072902        -0.2581120001
        1.4100000000        -1.5546250295         0.0318361156
        1.5100000000        -1.7798253655        -0.4024951007
        1.6100000000        -1.9011893668        -0.7238752917
        1.7100000000        -2.4629867000        -0.6531972045
        1.8100000000        -1.8843597751        -1.5873817308
        1.9100000000        -0.9443921002        -1.9175981865
        2.0100000000         0.0593657570        -2.2710291326
        2.1100000000         1.0304843783        -3.1201379972
        2.2100000000         0.9313015907        -2.1784309775
        2.3100000000        -0.9267886597        -1.7223424188
        2.4100000000        -0.7845814583        -1.4699375267
        2.5100000000        -0.7468809004        -1.3433437832
        2.6100000000        -1.6274033727        -0.6697557926
        2.7100000000        -2.1090320459        -0.1513204446
        2.8100000000        -1.5823334567         0.8554253880
        2.9100000000        -2.4768950650         0.6354203646
        3.0100000000        -2.8026254021         0.1349435391
        3.1100000000        -1.6996167268        -0.1421058313
        3.2100000000        -1.0522762085        -0.8157552279
        3.3100000000         0.9744502198        -1.2410908771
        3.4100000000         1.4153194301        -2.5965679202
        3.5100000000         0.7526499806        -2.5724790349
        3.6100000000        -0.0548345467        -1.1882827453
        3.7100000000        -0.5583384336        -1.9138847324
        3.8100000000        -0.1732600377        -0.9130312560
        3.9100000000        -0.7679599138         1.0082949509
        4.0100000000        -0.2555607203         1.7015806156
        4.1100000000         0.3577864301         2.2867157734
        4.2100000000         0.3302296197         1.1535806679
        4.3100000000         0.5525195467        -0.9414997877
        4.4100000000        -0.7918974883         0.9787074246
        4.5100000000        -1.5686830955         2.3712120072
        4.6100000000        -0.7541171950         1.6858156629
        4.7100000000        -1.5515062207         1.4788363903
        4.8100000000        -0.5584981506         1.5961118775
        4.9100000000         0.2859303410         2.1905587869
        5.0100000000         0.0167991544         1.7803914486
        5.1100000000        -0.9128561194         0.9792415924
        5.2100000000        -1.0386075511         2.1908917451
        5.3100000000        -0.7169966917         2.0554199414
        5.4100000000        -1.0990670131         0.4440680487
        5.5100000000        -0.7834516348        -0.5445835950
        5.6100000000        -0.4920873322         0.0572519698
        5.7100000000        -0.5300720391         1.0339211820
        5.8100000000         0.3157029463         0.2706783094
        5.9100000000         0.7412163415         0.6210526277
        6.0100000000         1.0918143479         1.9905876692
        6.1100000000         0.5208451597         0.1027406556
        6.2100000000         1.0235145197         0.5169102418
        6.3100000000         1.0838239823        -0.6677331818
        6.4100000000         1.5908049768        -1.4309533000
        6.5100000000         1.5642767898        -0.4931053858
        6.6100000000         1.8901035984        -0.3330585075
        6.7100000000         2.5321182187        -0.2758836464
        6.8100000000         3.3684388664        -2.2234021132
        6.9100000000         2.5930386782        -0.9255201654
        7.0100000000         1.9301150505        -1.4042874779
        7.1100000000         1.8974474985        -2.0499034986
        7.2100000000         2.6977329316        -2.5908852806
        7.3100000000         2.1874052823        -1.5296135868
        7.4100000000         1.8278435899        -1.9275491310
        7.5100000000         1.0539685915        -2.0414707211
        7.6100000000         0.9038810563        -3.8353994375
        7.7100000000        -2.6747981621        -9.1514863744
        7.8100000000        -6.4074176235       -10.4741791493
        7.9100000000        -4.8525107330        -7.1221953527
        8.0100000000         3.1744246912         2.3317914494
        8.1100000000         5.3846494085         9.7228493397
        8.2100000000         7.6205183598        18.4895008551
        8.3100000000         5.1769336508        10.2739999894
        8.4100000000        -3.0668879357         3.6202451826
        8.5100000000        -3.8135077407        -8.0381561049
        8.6100000000        -9.6848297629       -10.2810166932
        8.7100000000        -3.9032652872       -11.7866142902
        8.8100000000        -4.3929779417        -0.3211409193
        8.9100000000        -5.2481655544        -3.1973616846
        9.0100000000        -5.0289270000         2.4202918327
        9.1100000000         0.9403573119         1.3948475273
        9.2100000000         5.3403375923        10.5792351422
        9.3100000000         9.9064950819        15.3706315452
        9.4100000000         7.7656155821        14.0368857830
        9.5100000000         4.1381572597         6.5400021988
        9.6100000000        -2.6222446437        -1.3520260735
        9.7100000000        -4.3434085371        -7.0346929612
        9.8100000000        -9.2798151751       -13.1978438409
        9.9100000000        -9.4702542031       -11.9273739964
       10.0100000000        -5.7807442048       -15.0882724659
       10.1100000000        -5.4947859109        -4.6394917714
       10.2100000000         4.4040730295         5.7669628095
       10.3100000000         9.3481061223        15.9998650926
       10.4100000000        11.2405381279        23.1668030994
       10.5100000000        10.2057916028        18.1944767967
       10.6100000000         3.5685122586         2.3484096738
       10.7100000000        -9.2118889215       -10.7058452094
       10.8100000000       -10.9540356054       -20.4578408947
       10.9100000000        -9.4776118089       -19.5834971886
       11.0100000000        -6.1689933334        -6.2901679365
       11.1100000000         3.0080002761        -0.0977700912
       11.2100000000         3.0644117954         6.9731943000
       11.3100000000         4.8962302996         8.4398883372
       11.4100000000         0.6676790270         3.3809339475
       11.5100000000        -0.4284487102         2.8680571251
       11.6100000000        -2.8430979633        -2.2057533786
       11.7100000000        -3.7559085610        -2.4212607381
       11.8100000000        -3.4343718762        -5.0331357895
       11.9100000000        -3.7381272230        -3.5757805000
       12.0100000000        -0.8987706252        -3.2111023373
       12.1100000000        -0.9339143040         1.1172655266
       12.2100000000         1.7193855565         4.7476209906
       12.3100000000         3.4605971932         6.7318220034
       12.4100000000         4.5405747478         6.5125614309
       12.5100000000         5.7405919801         9.3396880014
       12.6100000000         1.2848556085         3.0838314580
       12.7100000000         1.0301742631         0.5037879078
       12.8100000000        -0.9137061318        -4.7118306885
       12.9100000000        -2.4367726043        -9.2217589523
       13.0100000000        -2.6711730092        -8.4968477855
       13.1100000000         0.7246297455        -3.0519340158
       13.2100000000         2.3519675626         3.0015302528
       13.3100000000         3.3475352236         9.1629289712
       13.4100000000         4.6073582411        10.8710646763
       13.5100000000         5.3459578363         6.5681963782
       13.6100000000         4.2489270304         5.4295297052
       13.7100000000         1.3299014479        -2.3775847807
       13.8100000000        -1.4638644729        -7.9682392474
       13.9100000000        -1.4619131642        -7.0616296080
       14.0100000000        -1.7097826893        -7.1697184832
       14.1100000000         0.0222361920        -4.6114530261
       14.2100000000         2.3438390911        -0.5256553169
       14.3100000000         3.7841359434         4.2261888995
       14.4100000000         4.1555726701         7.1947789983
       14.5100000000         5.1472753115         6.9469757633
       14.6100000000         1.9799268289         3.0432318459
       14.7100000000        -0.8564214829        -0.3270952680
       14.8100000000        -1.8030930688        -2.0922306104
       14.9100000000        -3.7247221496       -11.7119854361
       15.0100000000        -3.9832244309       -13.3155009529
       15.1100000000        -3.6887341334        -8.3343702661
       15.2100000000        -2.0375163556        -2.3074830219
       15.3100000000        -0.8299972411         0.3432888979
       15.4100000000         0.8638595394         5.7446624983
       15.5100000000         2.5162094290        10.2248829610
       15.6100000000         3.8658598997         6.1774412703
       15.7100000000        -0.8943230301         1.8287478078
       15.8100000000        -3.4103424630        -5.8025885753
       15.9100000000        -5.3032424767        -8.9681695097
       16.0100000000        -4.7194485580       -11.6323995266
       16.1100000000        -7.4001340095       -11.1202179360
       16.2100000000        -2.1662426771        -5.0645538277
       16.3100000000        -1.9159395955         1.3387715650
       16.4100000000         0.3382806383         8.4337739857
       16.5100000000         2.4254190914         9.5318066411
       16.6100000000         0.1081123843         5.9912116941
       16.7100000000         0.5918427595         6.1463135762
       16.8100000000        -1.2943197026         0.7176910773
       16.9100000000        -2.8685709197        -5.4230398114
       17.0100000000        -4.3742378099        -7.4751581993
       17.1100000000        -6.9172932659       -11.5914335951
       17.2100000000        -3.2798165307        -5.1986878690
       17.3100000000        -0.8920970373         2.1826545122
       17.4100000000         1.3878110245         9.4911458794
       17.5100000000         3.3987763951        11.6650261032
       17.6100000000         5.1552937062        12.8102274373
       17.7100000000         2.9569947931         5.9984638139
       17.8100000000        -0.8460303001        -2.0617107710
       17.9100000000        -0.7574697836        -1.9540179204
       18.0100000000         1.4656087215        -3.3914159660
       18.1100000000         0.9506799710        -3.1860202139
       18.2100000000         0.5212420598         4.0740394566
       18.3100000000         0.6006440990         2.9617603233
       18.4100000000         3.3047637123         4.1911565147
       18.5100000000         3.3208695731         8.3505575892
       18.6100000000         4.6109369751         6.2072493047
       18.7100000000         3.8016647315         4.1586639672
       18.8100000000        -0.3535080184         1.9704899132
       18.9100000000         0.3935648258        -3.2283896402
       19.0100000000        -1.3905309898        -8.1477761778
       19.1100000000         0.1009518628        -8.0712891974
       19.2100000000         0.6574739293        -1.0798944010
       19.3100000000         3.7049287138         2.1056397626
       19.4100000000         4.1432070152         3.5330400305
       19.5100000000         1.3576729205         5.8058618329
       19.6100000000         2.1401364175         2.5507525153
       19.7100000000        -0.2423930241        -3.5779530130
       19.8100000000        -4.6137269828        -3.2849627573
       19.9100000000        -2.3361633231        -5.8317265690
       20.0100000000        -1.8351697128        -6.2372138839
       20.1100000000        -1.2361757547        -0.5592090827
       20.2100000000         1.4536216714        -0.8126434607
       20.3100000000         2.8990397313         1.6113201963
       20.4100000000         5.0356901047         4.3067863784
       20.5100000000         2.6198114223         1.2296461910
       20.6100000000         0.1696593227        -2.8926321134
       20.7100000000        -0.7127667721        -3.2221993572
       20.8100000000        -0.9065788371        -3.6525196349
       20.9100000000        -3.9897866799        -4.5086117545
       21.0100000000        -3.3320735616        -2.3172842440
       21.1100000000        -1.1332979339        -1.0858828517
       21.2100000000        -2.0740515424        -2.9068802781
       21.3100000000        -3.4552856030        -4.2219621637
       21.4100000000         0.0060066661        -0.0807852912
       21.5100000000         0.0826761951         1.8024885701
       21.6100000000         1.0578738845         3.3550348369
       21.7100000000        -0.4612146948         4.4611359646
       21.8100000000         0.8382096796         2.8370274609
       21.9100000000        -0.0833158073        -1.5004210899
       22.0100000000        -2.8489940808        -2.5455605615
       22.1100000000        -3.2149171803        -2.5726523270
       22.2100000000        -2.9329369420        -4.2587668549
       22.3100000000        -0.5703297336        -2.7173796319
       22.4100000000         0.5761118719         2.6758713696
       22.5100000000         0.7866799749         3.4787878449
       22.6100000000         0.7909770600         5.3216837526
       22.7100000000         2.8128761865         1.9277544242
       22.8100000000         1.3855883663         3.4297025050
       22.9100000000         0.0603008283         1.4076980838
       23.0100000000        -2.2582795307        -0.4902648051
       23.1100000000        -1.7609285950        -3.6101516584
       23.2100000000         0.3290940562         0.6262012342
       23.3100000000         0.2131047397         1.6462408323
       23.4100000000        -2.5048420094        -2.1329647226
       23.5100000000        -0.9770069958        -0.3985004400
       23.6100000000        -0.2652996747         2.6032310898
       23.7100000000         1.9200131069         2.2173597535
       23.8100000000         0.8720881675         0.2235113468
       23.9100000000        -1.3447155146         1.2519369029
       24.0100000000        -0.5962258892        -0.9992168361
       24.1100000000        -0.5450587995        -1.6172784927
       24.2100000000        -2.9132929718        -5.6399783499
       24.3100000000        -2.0993757097        -5.1015526083
       24.4100000000         1.0474655599        -2.3971061059
       24.5100000000         3.2411219556         6.4156982779
       24.6100000000         3.2512447289         2.2333116111
       24.7100000000         2.4571295602         0.0250532750
       24.8100000000         1.0071319195         2.0665239574
       24.9100000000         1.5595324016         1.1841306454
