        0.0100000000         2.4010195332         1.0662395301
        0.1100000000         1.3662413806         1.8501204191
        0.2100000000         2.5749206220         1.5453568905
        0.3100000000         3.7722513035         1.3361204291
        0.4100000000         3.2239558630         2.3847543824
        0.5100000000         2.6396835628         2.4079279485
        0.6100000000         1.7329716148         2.1860815200
        0.7100000000         1.6345980026         1.7215651008
        0.8100000000         0.6983209443         1.5800808584
        0.9100000000        -0.2389872532         1.4010624301
        1.0100000000        -0.4699559933         0.9087763951
        1.1100000000        -1.1709702767         0.7318976545
        1.2100000000        -1.1037249475         0.0039938592
        1.3100000000        -1.3236266792        -0.4194724925
        1.4100000000        -1.8607290637        -0.1053144818
        1.5100000000        -2.0528074011        -0.5148142543
        1.6100000000        -2.1396040847        -0.8108739846
        1.7100000000        -2.6655573461        -0.7145203367
        1.8100000000        -2.0499845804        -1.6228088105
        1.9100000000        -1.0721498505        -1.9270433333
        2.0100000000        -0.0297889722        -2.2545404005
        2.1100000000         0.9804795926        -3.0778960301
        2.2100000000         0.9208017465        -2.1107470117
        2.3100000000        -0.8976224397        -1.6296556497
        2.4100000000        -0.7157829404        -1.3528118622
        2.5100000000        -0.6386788114        -1.2024640054
        2.6100000000        -1.4802205287        -0.5059231551
        2.7100000000        -1.9234835425         0.0345522672
        2.8100000000        -1.3592239299         1.0623193018
        2.9100000000        -2.2172150350         0.8622164399
        3.0100000000        -2.5075467168         0.3804289242
        3.1100000000        -1.3704871273         0.1207689605
        3.2100000000        -0.6906130410        -0.5368708593
        3.3100000000         1.3669671157        -0.9476492377
        3.4100000000         1.8368556242        -2.2900860554
        3.5100000000         1.2012251087        -2.2545307474
        3.6100000000         0.4186625873        -0.8604904092
        3.7100000000        -0.0621627453        -1.5779109455
        3.8100000000         0.3432348929        -0.5705703714
        3.9100000000        -0.2336096761         1.3555253699
        4.0100000000         0.2940880238         2.0518483765
        4.1100000000         0.9200962385         2.6382826304
        4.2100000000         0.9024950421         1.5047108501
        4.3100000000         1.1319801077        -0.5925311351
        4.4100000000        -0.2080440168         1.3238089235
        4.5100000000        -0.9832671951         2.7107681083
        4.6100000000        -0.1699839378         2.0181834496
        4.7100000000        -0.9715015069         1.8024159830
        4.8100000000         0.0145450883         1.9093538716
        4.9100000000         0.8492059089         2.4919713859
        5.0100000000         0.5675412609         2.0685472633
        5.1100000000        -0.3773593483         1.2527840753
        5.2100000000        -0.5210007875         2.4485412361
        5.3100000000        -0.2198444080         2.2959792976
        5.4100000000        -0.6248408349         0.6664278384
        5.5100000000        -0.3345181036        -0.3414403557
        5.6100000000        -0.0706961393         0.2402583849
        5.7100000000        -0.1383447858         1.1959709826
        5.8100000000         0.6757834074         0.4110554589
        5.9100000000         1.0678159307         0.7391476019
        6.0100000000         1.3832570993         2.0858996940
        6.1100000000         0.7756218330         0.1748794194
        6.2100000000         1.2402904385         0.5655970802
        6.3100000000         1.2614460598        -0.6426646312
        6.4100000000         1.7283078928        -1.4295569682
        6.5100000000         1.6608882858        -0.5153231654
        6.6100000000         1.9452488636        -0.3787211613
        6.7100000000         2.5454233410        -0.3447122221
        6.8100000000         3.3397333299        -2.3150098523
        6.9100000000         2.5223568903        -1.0394148949
        7.0100000000         1.8176968878        -1.5398744671
        7.1100000000         1.7437378641        -2.2064887648
        7.2100000000         2.5033803226        -2.7676793248
        7.3100000000         1.9532593688        -1.7257355378
        7.4100000000         1.5549518125        -2.1420312759
        7.5100000000         0.7435717894        -2.2732633980
        7.6100000000         0.5574081423        -4.0833762653
        7.7100000000        -3.0557364606        -9.4144497930
        7.8100000000        -6.8210359306       -10.7508662430
        7.9100000000        -5.2968570686        -7.4112839277
        8.0100000000         2.7014600215         2.0316765619
        8.1100000000         4.8853241179         9.4131297857
        8.2100000000         7.0972277187        18.1716380947
        8.3100000000         4.6321993071         9.9494885000
        8.4100000000        -3.6304298071         3.2906055594
        8.5100000000        -4.3931189047        -8.3713841205
        8.6100000000       -10.2776829526       -10.6162812258
        8.7100000000        -4.5064577343       -12.1223583524
        8.8100000000        -5.0035453465        -0.6558094130
        8.9100000000        -5.8630964326        -3.5294083513
        9.0100000000        -5.6451773387         2.0923975412
        9.1100000000         0.3258491576         1.0726136886
        9.2100000000         4.7306358311        10.2641407390
        9.3100000000         9.3046513185        15.0641200056
        9.4100000000         7.1746536228        13.7403587114
        9.5100000000         3.5610579630         6.2548133214
        9.6100000000        -3.1825583967        -1.6245767237
        9.7100000000        -4.8840866795        -7.2933645986
        9.8100000000        -9.7980950256       -13.4414601987
        9.9100000000        -9.9634746987       -12.1548282963
       10.0100000000        -6.2463597234       -15.2985320673
       10.1100000000        -5.9303796142        -4.8316024843
       10.2100000000         4.0007764018         5.5938727634
       10.3100000000         8.9792280734        15.8465814846
       10.4100000000        10.9080349042        23.0340224740
       10.5100000000         9.9114434350        18.0828036401
       10.6100000000         3.3139134022         2.2583539766
       10.7100000000        -9.4253392910       -10.7738699865
       10.8100000000       -11.1251415900       -20.5035194490
       10.9100000000        -9.6053880323       -19.6066135924
       11.0100000000        -6.2526711854        -6.2906064422
       11.1100000000         2.9689674324        -0.0755155239
       11.2100000000         3.0703444900         7.0180565611
       11.3100000000         4.9472199246         8.5071727849
       11.4100000000         0.7635859345         3.4703557768
       11.5100000000        -0.2879959616         2.9792334607
       11.6100000000        -2.6587021991        -2.0733018644
       11.7100000000        -3.5284024083        -2.2681078250
       11.8100000000        -3.1648150055        -4.8599473379
       11.9100000000        -3.4278024149        -3.3833117179
       12.0100000000        -0.5491786708        -3.0001946987
       12.1100000000        -0.5467677510         1.3456876987
       12.2100000000         2.1421697911         4.9925542632
       12.3100000000         3.9169063208         6.9921878785
       12.4100000000         5.0281096843         6.7872106813
       12.5100000000         6.2568779653         9.6274052801
       12.6100000000         1.8272538263         3.3833401649
       12.7100000000         1.5958944153         0.8137552948
       12.8100000000        -0.3275923498        -4.3927881917
       12.9100000000        -1.8333171847        -8.8950702105
       13.0100000000        -2.0535365310        -8.1639812475
       13.1100000000         1.3531939304        -2.7143918411
       13.2100000000         2.9881297861         3.3422182114
       13.3100000000         3.9879065248         9.5052113086
       13.4100000000         5.2485078756        11.2133746800
       13.5100000000         5.9844311895         6.9089583572
       13.6100000000         4.8812638473         5.7671653828
       13.7100000000         1.9526542903        -2.0446498298
       13.8100000000        -0.8541116342        -7.6415691362
       13.9100000000        -0.8685263149        -6.7427716715
       14.0100000000        -1.1360591925        -6.8601968278
       14.1100000000         0.5730860246        -4.3127621139
       14.2100000000         2.8687101782        -0.2392536033
       14.3100000000         4.2800462666         4.4988852550
       14.4100000000         4.6196806609         7.4524023300
       14.5100000000         5.5768966961         7.1882129864
       14.6100000000         2.3725508342         3.2668304157
       14.7100000000        -0.5031166569        -0.1223215445
       14.8100000000        -1.4912256026        -1.9073959273
       14.9100000000        -3.4561928739       -11.5481265249
       15.0100000000        -3.7597040999       -13.1735718180
       15.1100000000        -3.5116517846        -8.2152371394
       15.2100000000        -1.9080488361        -2.2119195521
       15.3100000000        -0.7490599755         0.4146062033
       15.4100000000         0.8956204705         5.7911585608
       15.5100000000         2.4984238335        10.2460881325
       15.6100000000         3.7984385842         6.1729950299
       15.7100000000        -1.0111846379         1.7984021373
       15.8100000000        -3.5761622247        -5.8589661538
       15.9100000000        -5.5172510264        -9.0505932520
       16.0100000000        -4.9805903884       -11.7407631567
       16.1100000000        -7.7070701860       -11.2542927269
       16.2100000000        -2.5173551938        -5.2239870884
       16.3100000000        -2.3093373825         1.1544575776
       16.4100000000        -0.0952459407         8.2251827142
       16.5100000000         1.9541763128         9.2996674162
       16.6100000000        -0.3981888025         5.7363794474
       16.7100000000         0.0533736480         5.8697680604
       16.8100000000        -1.8618476239         0.4205355772
       16.9100000000        -3.4618454750        -5.7395802944
       17.0100000000        -4.9897607846        -7.8097393047
       17.1100000000        -7.5513988165       -11.9425945191
       17.2100000000        -3.9286909090        -5.5648548538
       17.3100000000        -1.5517995444         1.8031641019
       17.4100000000         0.7213259454         9.1001188773
       17.5100000000         2.7296360274        11.2643482486
       17.6100000000         4.4876830000        12.4018774559
       17.7100000000         2.2951314936         5.5845068632
       17.8100000000        -1.4979212120        -2.4791303013
       17.9100000000        -1.3951822055        -2.3726842587
       18.0100000000         0.8462354836        -3.8090504653
       18.1100000000         0.3537344012        -3.6002905156
       18.2100000000        -0.0492864880         3.6655096016
       18.3100000000         0.0603959123         2.5613805792
       18.4100000000         2.7985065247         3.8013588394
       18.5100000000         2.8521349966         7.9737844763
       18.6100000000         4.1830518016         5.8459414038
       18.7100000000         3.4177258385         3.8152471014
       18.8100000000        -0.6906578905         1.6473615178
       18.9100000000         0.1057693999        -3.5288746298
       19.0100000000        -1.6267058211        -8.4233199528
       19.1100000000        -0.0816560772        -8.3196661790
       19.2100000000         0.5300403069        -1.2989667720
       19.3100000000         3.6339206678         1.9179061511
       19.4100000000         4.1295042231         3.3785594367
       19.5100000000         1.4017701037         5.6864121556
       19.6100000000         2.2421321559         2.4679586533
       19.7100000000        -0.0828051458        -3.6226358880
       19.8100000000        -4.3972647626        -3.2902659238
       19.9100000000        -2.0639597392        -5.7965843711
       20.0100000000        -1.5087740162        -6.1607801321
       20.1100000000        -0.8575517560        -0.4408731176
       20.2100000000         1.8821002109        -0.6520457536
       20.3100000000         3.3745966794         1.8142730461
       20.4100000000         5.5551575677         4.5519073953
       20.5100000000         3.1796434300         1.5164546814
       20.6100000000         0.7659486138        -2.5649228302
       20.7100000000        -0.0842688549        -2.8546929712
       20.8100000000        -0.2504393535        -3.2466464361
       20.9100000000        -3.3108650300        -4.0661366020
       21.0100000000        -2.6354924085        -1.8403127130
       21.1100000000        -0.4244111841        -0.5768653535
       21.2100000000        -1.3584094799        -2.3686139411
       21.3100000000        -2.7385972977        -3.6575902587
       21.4100000000         0.7179135325         0.5062060176
       21.5100000000         0.7838979177         2.4082763730
       21.6100000000         1.7424755446         3.9754687443
       21.7100000000         0.2008475828         5.0917507131
       21.8100000000         1.4718774242         3.4730590760
       21.9100000000         0.5162164827        -0.8640153638
       22.0100000000        -2.2891726854        -1.9140783629
       22.1100000000        -2.7001645141        -1.9516181213
       22.2100000000        -2.4683405855        -3.6538995462
       22.3100000000        -0.1606542124        -2.1345556902
       22.4100000000         0.9264776428         3.2306593995
       22.5100000000         1.0737745817         3.9994775543
       22.6100000000         1.0113173703         5.8021938683
       22.7100000000         2.9635065527         2.3620406305
       22.8100000000         1.4641277643         3.8118180729
       22.9100000000         0.0649874241         1.7318592436
       23.0100000000        -2.3285469126        -0.2296088694
       23.1100000000        -1.9065526448        -3.4182443823
       23.2100000000         0.1084427618         0.7445023954
       23.3100000000        -0.0814834027         1.6865468287
       23.4100000000        -2.8714921192        -2.1744887216
       23.5100000000        -1.4130421351        -0.5250463813
       23.6100000000        -0.7672298049         2.3892050001
       23.7100000000         1.3564950437         1.9142213243
       23.8100000000         0.2521024486        -0.1694528294
       23.9100000000        -2.0152474984         0.7694445500
       24.0100000000        -1.3106026258        -1.5698384358
       24.1100000000        -1.2958291006        -2.2734419019
       24.2100000000        -3.6922964191        -6.3778253275
       24.3100000000        -2.8977936303        -5.9158785048
       24.4100000000         0.2390480884        -3.2812930163
       24.5100000000         2.4326426025         5.4697372666
       24.6100000000         2.4530784801         1.2351744802
       24.7100000000         1.6799909726        -1.0141254649
       24.8100000000         0.2619647240         0.9989802790
       24.9100000000         0.8573861729         0.1024230833
