        0.0266666667         1.5070328353         0.7032446481
        0.1266666667        -1.3288485230        -5.8672495767
        0.2266666667         0.5486785641        -2.1088830772
        0.3266666667         0.3646876947         0.1149863400
        0.4266666667        -1.0950975584        -1.8422007802
        0.5266666667        -0.2103253446         0.8985679553
        0.6266666667        -1.1631724952        -0.2483599986
        0.7266666667         1.3099019706        -2.6017358510
        0.8266666667        -0.5246585491         0.6950092187
        0.9266666667         0.0891250377         5.8170741686
        1.0266666667         0.3951593571         4.1613195790
        1.1266666667        -0.8777350409        -1.0670434709
        1.2266666667        -0.7940470281         0.2327368703
        1.3266666667        -0.6567816489        -1.1022877487
        1.4266666667         1.1129125234         5.3692906111
        1.5266666667         0.1462949181         4.1026235594
        1.6266666667         0.8147956581        -1.0238599977
        1.7266666667         3.0796814146         1.0415430611
        1.8266666667         1.3387371128         1.6370079458
        1.9266666667         2.4267463464         0.1813941066
        2.0266666667        -0.0955242484         2.1309013709
        2.1266666667         0.4998148406         2.4819339469
        2.2266666667         0.5578973177         2.3829990921
        2.3266666667         0.2548001798         1.6521901157
        2.4266666667        -1.9200833784         2.9169062825
        2.5266666667        -1.9212595967         2.4493586347
        2.6266666667        -0.2154456944         5.5769970978
        2.7266666667        -1.2745771161        -0.2791675269
        2.8266666667        -0.4709687973         1.3748150531
        2.9266666667        -0.9137746853         1.1491605328
        3.0266666667        -0.2751190459         0.1494275486
        3.1266666667        -1.1474580085         1.0483578320
        3.2266666667         0.4990356506        -3.1781039135
        3.3266666667         2.2092957530        -6.1689518944
        3.4266666667         3.5522951642        -4.8851918098
        3.5266666667         2.3223418607        -3.2478105383
        3.6266666667         2.6759149444        -2.8600911700
        3.7266666667         1.6169578177        -2.1314552332
        3.8266666667         0.1767019342        -1.7885813318
        3.9266666667         0.1184732453        -0.7323443847
        4.0266666667        -0.3928312400        -0.8474869038
        4.1266666667         0.0424034616         0.5685150420
        4.2266666667         0.0388124051        -0.2728584723
        4.3266666667        -0.7968039748        -0.4689241780
        4.4266666667         0.6055151294        -0.5750545032
        4.5266666667         0.4091582020        -0.3951644648
        4.6266666667         0.4586899817         0.0361071807
        4.7266666667         0.8770599326        -0.3079675721
        4.8266666667         1.1812533811        -0.3059516725
        4.9266666667         0.2820529053        -0.4195207103
        5.0266666667        -0.1032635039        -0.0107933892
        5.1266666667         0.0092875595         0.8015270278
        5.2266666667         0.8723530902         1.0398197111
        5.3266666667        -0.9289584744         1.2967858402
        5.4266666667         0.1703441196         1.4047566377
        5.5266666667        -1.1538502379         1.4731813916
        5.6266666667        -1.7184934143         1.3077468624
        5.7266666667        -0.8359540800         0.2545271666
        5.8266666667         0.0453166944         2.5646323699
        5.9266666667        -2.1117498219        -1.4114220252
        6.0266666667        -2.1324985101        -1.3363306208
        6.1266666667        -1.1534819664        -1.7040400393
        6.2266666667        -0.5440158874        -1.7558643003
        6.3266666667        -2.1198706805        -1.6509514059
        6.4266666667        -0.5122174303        -2.3751829886
        6.5266666667        -0.4193913741        -1.5640588972
        6.6266666667        -1.2265411354        -1.2287269997
        6.7266666667        -1.0522461694         0.1464768470
        6.8266666667        -0.7764217769        -0.2499976185
        6.9266666667        -1.2947954657         0.4631699165
        7.0266666667        -1.3759355950        -0.1879797978
        7.1266666667        -0.7134701214         0.7821760284
        7.2266666667        -0.8836720364         0.4782040182
        7.3266666667        -0.6686996642         0.6458241880
        7.4266666667         0.7771165849         0.3822691581
        7.5266666667         1.3127201666        -0.8149715754
        7.6266666667         2.2325127365        -0.6448600116
        7.7266666667         1.8024311276        -0.1811476505
        7.8266666667         0.4359470688         2.0979572659
        7.9266666667         0.6347878187         3.9121665582
        8.0266666667         2.4872484222         0.5931020831
        8.1266666667        -1.1826292098        -0.0329741435
        8.2266666667        12.2575619994       -16.2210309268
        8.3266666667         8.4217542548       -19.8452051277
        8.4266666667        12.1208091092       -19.9173961368
        8.5266666667         3.7422683215        -6.6101073429
        8.6266666667        -5.8674485376        11.2812790231
        8.7266666667       -15.0501077411        28.9573424061
        8.8266666667       -18.1029971159        30.0590275116
        8.9266666667       -12.5243343372        23.2772158837
        9.0266666667         2.4325805481        -1.9528717161
        9.1266666667        12.9028111206       -23.1439554779
        9.2266666667        18.1396043958       -33.5128012591
        9.3266666667         9.9656290489       -23.5317197548
        9.4266666667         1.0245831492        -2.4434286469
        9.5266666667       -10.2536208879        20.9166073411
        9.6266666667       -13.5959359988        25.4739370687
        9.7266666667       -13.9641289208        21.1818465628
        9.8266666667        -4.9207774648         6.2295193794
        9.9266666667         2.7484863111        -1.1005573901
       10.0266666667         4.8989656423        -4.7599636569
       10.1266666667         4.5886149992        -4.0538532490
       10.2266666667         1.4467341021        -2.4303334505
       10.3266666667        -3.6247584121         5.6718401936
       10.4266666667        -0.7540497291         2.2709562347
       10.5266666667         2.7108757647        -5.5140582418
       10.6266666667         5.1327645391        -8.8400717923
       10.7266666667         6.1371605425       -13.7119445058
       10.8266666667        -1.0561736819        -1.1974181197
       10.9266666667        -8.2397924049        12.1843779722
       11.0266666667       -13.1661220651        24.7157101699
       11.1266666667       -12.6860521508        25.3630630840
       11.2266666667        -1.5154066371         8.3674034207
       11.3266666667         7.7843466278       -10.3185915769
       11.4266666667        13.3634368039       -24.2108395663
       11.5266666667         9.7272758566       -19.8130436499
       11.6266666667         3.4137133209        -6.5403044561
       11.7266666667        -4.5953097855         9.9964156134
       11.8266666667       -10.0784987179        14.8967517807
       11.9266666667        -9.6967350152        13.9498703188
       12.0266666667        -6.1609692300         8.9177753817
       12.1266666667         2.7984938134        -4.9630462451
       12.2266666667        12.6323033046       -16.7888359202
       12.3266666667        11.0575089689       -18.9259457389
       12.4266666667         7.5166656606       -10.4184489199
       12.5266666667         2.3034511226        -2.3661627647
       12.6266666667        -2.0149217500         8.8351307693
       12.7266666667        -4.3791071099         6.5518533535
       12.8266666667        -0.8675355690         0.7281900651
       12.9266666667        -0.3643138847        -2.4421004922
       13.0266666667         2.6543378726        -6.3810671301
       13.1266666667         1.1679955727        -1.8666494032
       13.2266666667        -1.4237150534         0.7892803570
       13.3266666667        -0.5105567675        -2.6352150250
       13.4266666667         0.4324734197        -4.2133456780
       13.5266666667         2.1501150586        -7.7922998680
       13.6266666667         1.6203326911        -4.8911096718
       13.7266666667         1.6758719142        -4.4147152520
       13.8266666667        -1.7862711187         0.7838626370
       13.9266666667        -4.8959848824         5.6565387188
       14.0266666667        -4.3339812851         8.2537583266
       14.1266666667        -4.2239849853         8.4511342931
       14.2266666667        -2.1149027292         3.1914109461
       14.3266666667         2.8752684452        -5.0636866301
       14.4266666667         5.8925195045       -11.7436934351
       14.5266666667         5.5711521657       -13.5503268261
       14.6266666667         3.2358972841        -6.5874564819
       14.7266666667         1.9431804677         0.6868688338
       14.8266666667        -2.0793416866        11.2260503981
       14.9266666667        -4.8613162805        10.1114655948
       15.0266666667        -3.8851422143         9.0348574548
       15.1266666667        -2.2319314263         3.8572155059
       15.2266666667        -0.9616076980         0.2888637716
       15.3266666667         5.1434029708        -7.2415203232
       15.4266666667         6.3436744020        -7.8676851544
       15.5266666667         5.6814656759        -8.7811122084
       15.6266666667         3.1010316788        -4.5338320087
       15.7266666667        -1.5965125155         5.7451576550
       15.8266666667        -1.4086016674         8.0682517840
       15.9266666667        -2.8076816327         8.2418600533
       16.0266666667        -5.7352652748         8.9700212863
       16.1266666667        -1.5919224788         4.1657817632
       16.2266666667        -0.9695354243         4.3193657525
       16.3266666667         1.4794549376        -1.1468255435
       16.4266666667         0.2673002030        -5.2608338366
       16.5266666667         5.5702821137        -9.7361633524
       16.6266666667         2.2005793042        -6.7917515574
       16.7266666667        -0.3980778261        -1.2897872537
       16.8266666667        -3.2979560659         4.7373900210
       16.9266666667        -5.2587533044         9.1669131417
       17.0266666667        -8.0717324200        12.0839761746
       17.1266666667        -3.2069458601         5.0713748547
       17.2266666667        -1.9709284340         3.0646701805
       17.3266666667        -1.9458616751         1.8736541613
       17.4266666667         0.9958213163        -3.1882396915
       17.5266666667         1.7095768472        -5.4932794119
       17.6266666667         3.4546053623        -8.5648516586
       17.7266666667        -0.6468189551        -2.7916255014
       17.8266666667        -2.6888979440         2.5280547647
       17.9266666667        -2.6976857465         5.1077009974
       18.0266666667        -5.1028508885         7.8967182022
       18.1266666667        -4.8361005599         4.4711447035
       18.2266666667        -1.4817150336        -1.2981860424
       18.3266666667         0.6285816638        -2.7574105381
       18.4266666667         1.1734589441        -5.6003210189
       18.5266666667         2.7946091757        -3.6970431629
       18.6266666667         0.5331244505        -2.1907103608
       18.7266666667        -1.0189260937        -0.1711692004
       18.8266666667        -1.8920303135         4.3385920173
       18.9266666667         2.0024290192         2.1849669168
       19.0266666667        -0.9050534910         2.4199268357
       19.1266666667         1.9209770554        -0.7861688598
       19.2266666667         1.2065427052        -3.7023903409
       19.3266666667         2.2646154939        -3.7038271664
       19.4266666667         1.7588901450        -1.9694995552
       19.5266666667         3.9356598594        -1.6400958041
       19.6266666667         1.6714742181         0.7992242611
       19.7266666667         5.3550564729        -5.6524675846
       19.8266666667         2.5731069190        -1.5481969489
       19.9266666667         1.1772498641         1.0803508248
       20.0266666667        -0.1749910566         2.6283860918
       20.1266666667        -2.4211476018         4.1826456781
       20.2266666667        -0.6044165584         1.5152409249
       20.3266666667         2.2448722225        -1.3818284238
       20.4266666667         3.6440065607        -4.6820646053
       20.5266666667         4.0947381684        -6.1172133016
       20.6266666667         3.0281650543        -2.8513903735
       20.7266666667         2.7386220922        -4.5931437131
       20.8266666667        -2.3528406567         1.2215117255
       20.9266666667        -1.1599237283         2.4339302120
       21.0266666667        -1.6121928145         2.8421917710
       21.1266666667        -1.8135904670         2.3773018298
       21.2266666667        -1.3417383886         1.3308430162
       21.3266666667         0.2454582674        -0.1714896551
       21.4266666667         1.3975460987        -3.0217949548
       21.5266666667         2.1187993366        -2.6623797019
       21.6266666667         0.0448868284        -0.3742383770
       21.7266666667         0.3596246037        -0.7351745149
       21.8266666667        -0.2623044644        -2.3635516645
       21.9266666667        -0.7382748634        -1.6784769305
       22.0266666667        -2.4327428078         2.8082547059
       22.1266666667        -1.2489817858         3.0862465154
       22.2266666667        -1.3020664362         3.5758519940
       22.3266666667        -2.0862518699         0.9045129940
       22.4266666667         0.0180114633        -1.1293598469
       22.5266666667         0.1818636453        -0.8088388506
       22.6266666667         1.0732426910        -2.6308231729
       22.7266666667         2.0204347600        -3.2461809680
       22.8266666667         0.1709697355        -3.4693268842
       22.9266666667        -0.2553824619         0.3076132598
       23.0266666667        -0.8578658843         0.6388003025
       23.1266666667        -0.5693399928         1.9367898677
       23.2266666667        -3.7537118110         4.8096863042
       23.3266666667        -3.0498929951         3.6458073264
       23.4266666667        -2.3607263152         2.9917488453
       23.5266666667         0.4058909516         0.2627977160
       23.6266666667        -1.6832544693         1.3880486173
       23.7266666667        -1.3404173821         2.5343533902
       23.8266666667        -0.7046114163         0.8155053211
       23.9266666667         1.2474005903         1.5224714763
       24.0266666667        -0.8723260990         0.6098785922
       24.1266666667        -1.1704021695         2.4255749770
       24.2266666667        -1.8300152194         3.0972972905
       24.3266666667        -2.8150963059         2.4164365750
       24.4266666667        -1.7095521599         3.2541029390
       24.5266666667        -0.9313163744         1.1314253804
       24.6266666667         1.2893581439        -2.0632065867
       24.7266666667         3.2054921659        -4.7882554677
       24.8266666667         2.1739961468        -5.3057609474
       24.9266666667         1.4953947849        -2.0826658439
