        0.0266666667         1.2224399583         1.1126679786
        0.1266666667        -1.6202364384        -5.4413351005
        0.2266666667         0.2519016232        -1.6686212723
        0.3266666667         0.0639647309         0.5673788333
        0.4266666667        -1.3982938276        -1.3799556501
        0.5266666667        -0.5144999224         1.3683379452
        0.6266666667        -1.4668156648         0.2265692495
        0.7266666667         1.0083070013        -2.1240387155
        0.8266666667        -0.8226891430         1.1730692517
        0.9266666667        -0.2038333244         6.2930906741
        1.0266666667         0.1087650931         4.6328968540
        1.1266666667        -1.1560969362        -0.6022783363
        1.2266666667        -1.0629393790         0.6883516728
        1.3266666667        -0.9148057330        -0.6581150303
        1.4266666667         0.8671097962         5.7997873931
        1.5266666667        -0.0859859603         4.5172795962
        1.6266666667         0.5972778044        -0.6271296982
        1.7266666667         2.8781020093         1.4183527993
        1.8266666667         1.1541997031         1.9920023464
        1.9266666667         2.2602768228         0.5127878020
        2.0266666667        -0.2429830621         2.4370272000
        2.1266666667         0.3722214826         2.7612511492
        2.2266666667         0.4509314943         2.6341008576
        2.3266666667         0.1691271598         1.8738104577
        2.4266666667        -1.9838988141         3.1079261996
        2.5266666667        -1.9627563482         2.6088115352
        2.6266666667        -0.2342690359         5.7040734603
        2.7266666667        -1.2704808749        -0.1851162761
        2.8266666667        -0.4438170081         1.4353566415
        2.9266666667        -0.8635427108         1.1758741931
        3.0266666667        -0.2018941574         0.1421627376
        3.1266666667        -1.0514394231         1.0071323378
        3.2266666667         0.6175372771        -3.2531041930
        3.3266666667         2.3498593764        -6.2773740009
        3.4266666667         3.7143909404        -5.0265175949
        3.5266666667         2.5053332670        -3.4213593445
        3.6266666667         2.8790614233        -3.0650233081
        3.7266666667         1.8394179322        -2.3667762377
        3.8266666667         0.4175370198        -2.0531469722
        3.9266666667         0.3766515437        -1.0248664081
        4.0266666667        -0.1184299863        -1.1665394790
        4.1266666667         0.3318239508         0.2244882101
        4.2266666667         0.3419704020        -0.6401805497
        4.3266666667        -0.4812623583        -0.8577481183
        4.4266666667         0.9320205310        -0.9834814517
        4.5266666667         0.7451481595        -0.8211995047
        4.6266666667         0.8026327299        -0.4054548471
        4.7266666667         1.2273783046        -0.7628995895
        4.8266666667         1.5363321852        -0.7720314442
        4.9266666667         0.6402465095        -0.8944717368
        5.0266666667         0.2563765858        -0.4922961395
        5.1266666667         0.3686910310         0.3158236768
        5.2266666667         1.2298300435         0.5522868850
        5.3266666667        -0.5750966804         0.8098029835
        5.4266666667         0.5189114501         0.9206997930
        5.5266666667        -0.8122392740         0.9944114989
        5.6266666667        -1.3854753078         0.8365981345
        5.7266666667        -0.5131319886        -0.2067044018
        5.8266666667         0.3563807378         2.1155644355
        5.9266666667        -1.8139571085        -1.8461404288
        6.0266666667        -1.8494342341        -1.7545849342
        6.1266666667        -0.8865398756        -2.1037974498
        6.2266666667        -0.2945194585        -2.1351837501
        6.3266666667        -1.8890665137        -2.0079931492
        6.4266666667        -0.3012689845        -2.7082176530
        6.5266666667        -0.2293730714        -1.8714760022
        6.6266666667        -1.0584328661        -1.5090428930
        6.7266666667        -0.9069282239        -0.1053883235
        6.8266666667        -0.6546702308        -0.4722033511
        6.9266666667        -1.1972780415         0.2716855783
        7.0266666667        -1.3032080225        -0.3478327854
        7.1266666667        -0.6659730155         0.6547078543
        7.2266666667        -0.8617283100         0.3837139038
        7.3266666667        -0.6725124906         0.5847422303
        7.4266666667         0.7474652483         0.3548601764
        7.5266666667         1.2572704834        -0.8086093507
        7.6266666667         2.1514273177        -0.6047954268
        7.7266666667         1.6959947763        -0.1076162885
        7.8266666667         0.3045659401         2.2045542528
        7.9266666667         0.4789879972         4.0512644379
        8.0266666667         2.3076739202         0.7639753479
        8.1266666667        -1.3852190271         0.1687918285
        8.2266666667        12.0328284475       -15.9894077045
        8.3266666667         8.1758570753       -19.5849077347
        8.4266666667        11.8548327097       -19.6297493785
        8.5266666667         3.4573966646        -6.2965711394
        8.6266666667        -6.1699371792        11.6191169293
        8.7266666667       -15.3688465071        29.3177743905
        8.8266666667       -18.4365367346        30.4402346174
        8.9266666667       -12.8711497267        23.6772769392
        9.0266666667         2.0740832804        -1.5359704546
        9.1266666667        12.5342873134       -22.7123102071
        9.2266666667        17.7627631355       -33.0685800801
        9.3266666667         9.5822251737       -23.0771517489
        9.4266666667         0.6364089911        -1.9807926275
        9.5266666667       -10.6447439855        21.3849943435
        9.6266666667       -13.9881663474        25.9457315325
        9.7266666667       -14.3556132976        21.6546903536
        9.8266666667        -5.3096600266         6.7010517215
        9.9266666667         2.3640550535        -0.6326879094
       10.0266666667         4.5208198314        -4.2980871106
       10.1266666667         4.2185644634        -3.6002664811
       10.2266666667         1.0865554572        -1.9872883359
       10.3266666667        -3.9733305503         6.1021482814
       10.4266666667        -1.0893313762         2.6863996873
       10.5266666667         2.3905095274        -5.1155283293
       10.6266666667         4.8288713710        -8.4604150663
       10.7266666667         5.8512229311       -13.3530212373
       10.8266666667        -1.3227560113        -0.8609795795
       10.9266666667        -8.4857097185        12.4966985959
       11.0266666667       -13.3901614511        25.0024062618
       11.1266666667       -12.8871039149        25.6227624544
       11.2266666667        -1.6924702279         8.5988754767
       11.3266666667         7.6321571950       -10.1164293809
       11.4266666667        13.2368880561       -24.0389160351
       11.5266666667         9.6270105324       -19.6721289453
       11.6266666667         3.3402466261        -6.4310060135
       11.7266666667        -4.6415933129        10.0736563235
       11.8266666667       -10.0973477135        14.9416616256
       11.9266666667        -9.6880331466        13.9623459947
       12.0266666667        -6.1247363943         8.8978840106
       12.1266666667         2.8621009656        -5.0150674209
       12.2266666667        12.7229915256       -16.8725807484
       12.3266666667        11.1748492566       -19.0408412706
       12.4266666667         7.6600947890       -10.5637584197
       12.5266666667         2.4722738576        -2.5409896077
       12.6266666667        -1.8215297534         8.6318383322
       12.7266666667        -4.1620957384         6.3212965794
       12.8266666667        -0.6279760216         0.4717132794
       12.9266666667        -0.1033937981        -2.7230171296
       13.0266666667         2.9353199241        -6.6848156198
       13.1266666667         1.4676361823        -2.1915026220
       13.2266666667        -1.1069174418         0.4451592612
       13.3266666667        -0.1781946259        -2.9966674435
       13.4266666667         0.7787244559        -4.5901037712
       13.5266666667         2.5085044259        -8.1822600291
       13.6266666667         1.9890435809        -5.2921019402
       13.7266666667         2.0530303608        -4.8245153263
       13.8266666667        -1.4025867863         0.3675210406
       13.9266666667        -4.5077342702         5.2359512291
       14.0266666667        -3.9431518935         7.8312370698
       14.1266666667        -3.8325819471         8.0289949053
       14.2266666667        -1.7249383774         2.7719595166
       14.3266666667         3.2617851273        -5.4781666096
       14.4266666667         6.2735934961       -12.1509540437
       14.5266666667         5.9448130302       -13.9481685336
       14.6266666667         3.6002097419        -6.9737407413
       14.7266666667         2.2962548661         0.3142072942
       14.8266666667        -1.7393390657        10.8689916578
       14.9266666667        -4.5361531300         9.7718930695
       15.0266666667        -3.5765103859         8.7145469423
       15.1266666667        -1.9414374439         3.5578248162
       15.2266666667        -0.6907636573         0.0119230083
       15.3266666667         5.3931880653        -7.4946177679
       15.4266666667         6.5711028082        -8.0956908311
       15.5266666667         5.8853585445        -8.9829300123
       15.6266666667         3.2803360937        -4.7085246991
       15.7266666667        -1.4427171321         5.5983628640
       15.8266666667        -1.2810978286         7.9499586054
       15.9266666667        -2.7071087791         8.1524995192
       16.0266666667        -5.6621155232         8.9098491824
       16.1266666667        -1.5465371595         4.1348771317
       16.2266666667        -0.9521024376         4.3176304852
       16.3266666667         1.4689029206        -1.1196660085
       16.4266666667         0.2288866735        -5.2052287073
       16.5266666667         5.5042867761        -9.6527335615
       16.6266666667         2.1074372311        -6.6812857347
       16.7266666667        -0.5177779402        -1.1532366043
       16.8266666667        -3.4434745560         4.8989179130
       16.9266666667        -5.4292030890         9.3521615570
       17.0266666667        -8.2660834481        12.2915475156
       17.1266666667        -3.4240304395         5.2997398747
       17.2266666667        -2.2094474219         3.3121781367
       17.3266666667        -2.2043915057         2.1385438365
       17.4266666667         0.7188207949        -2.9078281605
       17.5266666667         1.4157537631        -5.1992919683
       17.6266666667         3.1457064765        -8.2593070957
       17.7266666667        -0.9689582793        -2.4766016512
       17.8266666667        -3.0223644090         2.8504353384
       17.9266666667        -3.0404993695         5.4352857091
       18.0266666667        -5.4529767719         8.2273394616
       18.1266666667        -5.1914611170         4.8026351366
       18.2266666667        -1.8402026014        -0.9679782721
       18.3266666667         0.2690918989        -2.4306064174
       18.4266666667         0.8150957842        -5.2789954938
       18.5266666667         2.4394920942        -3.3832101803
       18.6266666667         0.1833502017        -1.8863082598
       18.7266666667        -1.3612968505         0.1219534327
       18.8266666667        -2.2249862887         4.6186899142
       18.9266666667         1.6808366620         2.4504109993
       19.0266666667        -1.2134086485         2.6692162812
       19.1266666667         1.6276449964        -0.5543954700
       19.2266666667         0.9299199961        -3.4893448939
       19.3266666667         2.0062773290        -3.5105630164
       19.4266666667         1.5202898957        -1.7969037415
       19.5266666667         3.7181190394        -1.4888825811
       19.6266666667         1.4761732634         0.9285185013
       19.7266666667         5.1830264200        -5.5454472487
       19.8266666667         2.4252220558        -1.4636218923
       19.9266666667         1.0542214282         1.1424932609
       20.0266666667        -0.2726200660         2.6682914550
       20.1266666667        -2.4930064373         4.2006895963
       20.2266666667        -0.6503095087         1.5119746148
       20.3266666667         2.2249643233        -1.4056843366
       20.4266666667         3.6499261376        -4.7256279437
       20.5266666667         4.1261520530        -6.1794498488
       20.6266666667         3.0845669946        -2.9311249973
       20.7266666667         2.8193366345        -4.6890730453
       20.8266666667        -2.2486529155         1.1108051285
       20.9266666667        -1.0332595308         2.3099623205
       21.0266666667        -1.4641983006         2.7065602548
       21.1266666667        -1.6455519354         2.2316680818
       21.2266666667        -1.1550718136         1.1769131713
       21.3266666667         0.4492189018        -0.3319845377
       21.4266666667         1.6167615711        -3.1871193669
       21.5266666667         2.3517389755        -2.8308146151
       21.6266666667         0.2897432131        -0.5441024101
       21.7266666667         0.6145290606        -0.9048451041
       21.8266666667         0.0007342995        -2.5314859884
       21.9266666667        -0.4690439650        -1.8432323251
       22.0266666667        -2.1592733045         2.6480011181
       22.1266666667        -0.9732213150         2.9316792694
       22.2266666667        -1.0259394737         3.4280000980
       22.3266666667        -1.8116426295         0.7642344180
       22.4266666667         0.2892757632        -1.2613916985
       22.5266666667         0.4480289418        -0.9321463753
       22.6266666667         1.3326434535        -2.7451332053
       22.7266666667         2.2715083647        -3.3514305121
       22.8266666667         0.4122696217        -3.5656656494
       22.9266666667        -0.0251750733         0.2198237985
       23.0266666667        -0.6399319253         0.5589915816
       23.1266666667        -0.3647143459         1.8641948858
       23.2266666667        -3.5632771706         4.7433524536
       23.3266666667        -2.8743759817         3.5846135767
       23.4266666667        -2.2006960140         2.9344274069
       23.5266666667         0.5500218759         0.2079602618
       23.6266666667        -1.5552829831         1.3342170806
       23.7266666667        -1.2287194052         2.4799952923
       23.8266666667        -0.6091645003         0.7590735034
       23.9266666667         1.3267430704         1.4624480265
       24.0266666667        -0.8088324370         0.5448226580
       24.1266666667        -1.1224106520         2.3541740503
       24.2266666667        -1.7971086553         3.0184214255
       24.3266666667        -2.7968099030         2.3291948713
       24.4266666667        -1.7053985161         3.1579014710
       24.5266666667        -0.9408121506         1.0260255940
       24.6266666667         1.2666643633        -2.1776301678
       24.7266666667         3.1699914278        -4.9110595774
       24.8266666667         2.1259908252        -5.4357815185
       24.9266666667         1.4350712780        -2.2181713486
