        0.0100000000         1.4496785595        -1.1359151391
        0.1100000000         1.9974891527        -2.3836507999
        0.2100000000         1.7431358306        -1.9097059866
        0.3100000000         2.6738388090        -1.4743265570
        0.4100000000         1.7991420907        -2.1566581940
        0.5100000000         0.9373747802        -1.0642836777
        0.6100000000        -1.8843408610         1.6192295219
        0.7100000000        -0.3050331983         0.3299144814
        0.8100000000         2.3708090563         0.8336960542
        0.9100000000         0.3290361094         0.6351691996
        1.0100000000         0.3589187180         1.1701716785
        1.1100000000         1.0686443106        -0.6850823721
        1.2100000000        -0.0011432344        -1.0292223007
        1.3100000000        -0.4815647309        -0.6891116080
        1.4100000000        -3.8876414388        -3.0252505684
        1.5100000000        -3.6631130645        -2.0900438529
        1.6100000000        -3.0453244819         2.0453367438
        1.7100000000        -1.7994512420         2.2277172057
        1.8100000000         0.0601477010         0.9027230837
        1.9100000000         0.1621592841         0.0909272215
        2.0100000000         0.4925613756        -0.1435720772
        2.1100000000         0.4141879651        -0.8866869249
        2.2100000000        -3.7102092353         0.4842929382
        2.3100000000        -2.9385729587         3.0252529003
        2.4100000000         0.6144732719         1.2020193457
        2.5100000000        -0.0408290539        -0.3895362555
        2.6100000000        -1.3972065241         0.7612027562
        2.7100000000         0.6156625354         1.2213515344
        2.8100000000         1.0841036575        -1.1159319820
        2.9100000000        -2.8894438863        -2.4100391897
        3.0100000000        -0.7338784721        -0.5949123339
        3.1100000000         0.6012506087         0.9038001739
        3.2100000000        -1.8661393505        -0.8743038008
        3.3100000000        -2.7637592290         1.0717983361
        3.4100000000        -2.0961008687        -2.7442762634
        3.5100000000        -1.9345124612         0.3222727124
        3.6100000000         0.8205546779         0.6403749021
        3.7100000000        -0.4483901182         0.1653226661
        3.8100000000         0.1661911283         1.0462129032
        3.9100000000        -0.1520839048         0.3187551696
        4.0100000000        -1.1860849577         0.7343019808
        4.1100000000         0.0184432569         0.9774392567
        4.2100000000        -0.6985543723         0.9582952454
        4.3100000000        -1.8488587681         0.5655837559
        4.4100000000         1.9859645787         1.1484484736
        4.5100000000         3.1675744929         0.6030753917
        4.6100000000         3.9604053187        -0.4992555251
        4.7100000000         2.4063788557         2.1550905561
        4.8100000000         4.0000015572         0.8786886243
        4.9100000000         2.6077774551         0.8697073966
        5.0100000000         2.5998035992         0.1000893100
        5.1100000000         2.7642942683         0.5020749888
        5.2100000000         1.1931268853         2.1681564510
        5.3100000000         2.2948949171         0.3094229528
        5.4100000000        -0.0621506128         1.5777038216
        5.5100000000        -0.3210776228         0.7274693240
        5.6100000000        -0.8117740039         2.4148455156
        5.7100000000        -0.9458914958         2.0079587490
        5.8100000000         0.5329712913         0.0814171797
        5.9100000000         1.9514709184        -1.4061085374
        6.0100000000         1.3852664465        -1.5441913408
        6.1100000000        -0.9273835648        -1.2861597074
        6.2100000000        -0.5263534476        -1.7755681877
        6.3100000000        -2.1652842311        -1.6467204474
        6.4100000000        -2.1275640165        -3.8157077457
        6.5100000000        -1.3973465595        -0.5718258304
        6.6100000000        -1.8066557903         0.8223966786
        6.7100000000        -1.6080953284         1.1061418169
        6.8100000000        -1.7610729025        -0.6471344193
        6.9100000000        -2.2073574080        -4.6347825290
        7.0100000000         0.0624987728        -4.0583564844
        7.1100000000        -0.7704092800        -4.6550739408
        7.2100000000         0.1551044598        -1.7977108052
        7.3100000000        -1.4821326006         0.6245586797
        7.4100000000        -1.3019577591        -0.3465202301
        7.5100000000         0.3701165836        -0.0788357408
        7.6100000000        -0.5312318066         0.2232109837
        7.7100000000         1.1443958543         0.0629403672
        7.8100000000         5.9490710542        -0.5465592247
        7.9100000000         7.7786679708        -0.4215254580
        8.0100000000        -1.8775000924        -0.5954746749
        8.1100000000        -4.1337768132        -2.7420572243
        8.2100000000       -15.6708932933         1.7329517186
        8.3100000000       -16.5088255483         6.0378826075
        8.4100000000        -3.3006566584         3.7023977098
        8.5100000000        14.0065320293        -3.6745089142
        8.6100000000        21.3777003649        -5.2328455231
        8.7100000000        13.0804317027        -2.9871770098
        8.8100000000         3.5352061467         0.3378983467
        8.9100000000         1.5608364205         5.7935975216
        9.0100000000        -0.6036914479         4.9928146801
        9.1100000000         1.8923397888         2.3229664031
        9.2100000000        -3.6230622850         2.1366829149
        9.3100000000        -9.6608069647         5.2281343486
        9.4100000000       -11.7355714692         2.3035004348
        9.5100000000        -5.7311302063         0.6264255434
        9.6100000000        -3.5045498240         0.6034426293
        9.7100000000         3.2463804920         0.1485935046
        9.8100000000         6.5617707016         1.5580657231
        9.9100000000        14.9998853090        -0.3572911452
       10.0100000000        21.4273244817        -1.9941262793
       10.1100000000        11.6123556652        -2.0765745681
       10.2100000000        -8.4108373541         2.2200787146
       10.3100000000       -30.5517261283         6.1038129711
       10.4100000000       -37.0766821718         6.0982605760
       10.5100000000       -26.3939893705         6.2810419880
       10.6100000000        -2.9363802827         0.4813021599
       10.7100000000        21.6693713847        -6.5155182057
       10.8100000000        29.7783919568       -10.4107678762
       10.9100000000        20.2948502749        -7.8083148315
       11.0100000000        10.2250321156        -5.3149258066
       11.1100000000        -2.2913136789         1.3049458169
       11.2100000000       -14.9268677895         3.9170768726
       11.3100000000       -14.8368376363         0.1762183199
       11.4100000000        -6.1349817625        -0.6941537441
       11.5100000000         3.4061986194        -2.8672473519
       11.6100000000         7.3899081529        -3.5113967035
       11.7100000000         4.2766261722        -3.1870785541
       11.8100000000        -0.2979430930        -0.6390289335
       11.9100000000         4.3290483124        -2.6801027767
       12.0100000000         3.3149751929        -0.3101500247
       12.1100000000         3.9565199607        -0.6551102012
       12.2100000000         3.8782757297        -1.0910564110
       12.3100000000        -3.5594837553        -1.0223532439
       12.4100000000       -10.6776257411        -1.4122369939
       12.5100000000       -11.6346364326         0.1638222527
       12.6100000000        -8.8100569749         2.3789977478
       12.7100000000        -2.2164344024         1.4763491350
       12.8100000000         4.0876989925        -0.1546876392
       12.9100000000        12.6122381931         0.7473811628
       13.0100000000        14.4833017599        -1.1202014186
       13.1100000000        10.5964857837        -1.6346175695
       13.2100000000        -0.4747459472        -0.4494804586
       13.3100000000        -8.6329566019         1.3136175065
       13.4100000000       -13.7848536875         2.1263615937
       13.5100000000       -13.7579885491         3.5785265603
       13.6100000000        -2.8333643469         1.0170404748
       13.7100000000         9.1086748034        -0.4293425204
       13.8100000000        10.8341424631         1.4663285236
       13.9100000000         9.0814921396        -0.4529137788
       14.0100000000         4.4351496690         3.7268191615
       14.1100000000         0.6496646981         2.2684498089
       14.2100000000        -0.5004359496         0.7824048396
       14.3100000000        -2.4817841775         1.2174490618
       14.4100000000        -6.1967508892         2.6713146010
       14.5100000000        -5.8329227824         2.5320475937
       14.6100000000        -6.5914642077         2.3013608666
       14.7100000000        -1.0574789840         2.9281163318
       14.8100000000         3.1772651255         1.7586464481
       14.9100000000         7.7306033539        -0.5279010548
       15.0100000000        10.5180420179        -2.1931272692
       15.1100000000         8.3755868650        -0.8795925975
       15.2100000000         3.0595503305        -2.0478824673
       15.3100000000        -2.6837440070         0.2096660321
       15.4100000000       -13.0062719741         1.2599178833
       15.5100000000       -11.7722367044         0.2381882819
       15.6100000000       -10.0386398657        -0.8266827234
       15.7100000000        -5.4198680643         0.4570423071
       15.8100000000         1.9204061291        -0.7195452693
       15.9100000000         6.6805006813        -2.1277160713
       16.0100000000         6.0843790111        -1.4125541884
       16.1100000000        10.3229262636        -2.2966691436
       16.2100000000         8.4448819410        -2.2551419034
       16.3100000000         4.1336886444        -0.7517598105
       16.4100000000        -5.1987521908        -0.2733434422
       16.5100000000       -10.6260783384         1.0558576523
       16.6100000000       -11.6121075063         1.5106755679
       16.7100000000        -8.6104303137        -0.2961467671
       16.8100000000        -2.3897527828        -1.3170602681
       16.9100000000         4.2154928023        -1.2226848190
       17.0100000000        10.1214253795        -1.7133109342
       17.1100000000        10.3642439793        -0.8649290416
       17.2100000000         4.7894653690         0.3292132884
       17.3100000000        -0.9746371405         0.7972520618
       17.4100000000        -3.0925049221         2.2674503077
       17.5100000000        -5.1947503934         1.6953303573
       17.6100000000        -8.0792170650         1.5108501693
       17.7100000000        -5.0870000369        -1.7096165970
       17.8100000000         1.3301290090        -5.0294388195
       17.9100000000         4.3240472912        -5.4799807512
       18.0100000000         3.7128314617        -2.7206386747
       18.1100000000         3.0085663155        -1.6630856623
       18.2100000000        -1.9690673965        -1.1068110573
       18.3100000000        -4.5534628835        -0.5154999077
       18.4100000000        -1.6212688482         2.1483117627
       18.5100000000         1.2038216743        -0.8012071799
       18.6100000000        -1.5845209499        -0.1105073707
       18.7100000000        -5.1017841303         1.1830198610
       18.8100000000        -2.3728370111         1.2037742489
       18.9100000000         5.5967375803         1.2384557870
       19.0100000000         9.6919208819        -1.1304335385
       19.1100000000         6.6160003271         0.7111875948
       19.2100000000         5.2577153779        -0.4281611305
       19.3100000000         0.7229527753         2.6988631431
       19.4100000000        -1.6401214677         0.9286328457
       19.5100000000        -3.8505590116         0.6480014939
       19.6100000000        -6.2807010676         2.2901009238
       19.7100000000        -3.4993155431         4.0030046335
       19.8100000000         4.6199145043        -1.1124951014
       19.9100000000         5.3250583254        -1.7642121601
       20.0100000000         3.3048233595         0.9801393737
       20.1100000000         6.2136158306        -0.1479428234
       20.2100000000         0.0922865947         2.7498776534
       20.3100000000        -6.3526236750         2.0099990031
       20.4100000000        -7.0797635369         1.2568344866
       20.5100000000        -3.1813607061         1.3427365906
       20.6100000000         1.8214512646         0.1180358863
       20.7100000000         1.5179974558         0.2005211056
       20.8100000000         1.6585366182        -1.1001359242
       20.9100000000         2.5923813801         0.1689592359
       21.0100000000         3.5770607988         0.6641865473
       21.1100000000        -0.9936799715         0.4194275185
       21.2100000000         0.2344440938        -0.1444138280
       21.3100000000         2.2232354797        -2.7563807616
       21.4100000000        -1.0678551324        -2.8131563632
       21.5100000000        -5.9740828472         0.3026377118
       21.6100000000        -8.1527151518         0.8094448747
       21.7100000000        -6.9970926107         1.5957010484
       21.8100000000        -3.0926557221         2.7726693010
       21.9100000000         1.5323706966         0.4296334023
       22.0100000000         7.9697487574        -1.2422221024
       22.1100000000         7.0230468835        -2.1644267041
       22.2100000000         2.7403423805        -1.3069898874
       22.3100000000        -2.2727331742         1.1933576033
       22.4100000000        -3.4902455329         0.5056920730
       22.5100000000        -2.5562221494         0.7975770405
       22.6100000000        -4.3133966545        -2.5295275521
       22.7100000000        -3.2346671447        -1.7730807948
       22.8100000000        -1.1820768458         0.1849584210
       22.9100000000        -0.8272711265         1.1498143443
       23.0100000000         1.3063103497        -0.8006128780
       23.1100000000         3.2105441053        -1.4020619532
       23.2100000000         4.0180184757        -2.1514691657
       23.3100000000         1.6790209855        -0.2505599086
       23.4100000000         0.2943366591        -0.9475128791
       23.5100000000         0.3874467298        -0.5705062431
       23.6100000000        -0.6759622336        -0.4613328161
       23.7100000000        -3.6713610668         0.5357795127
       23.8100000000        -5.7459056110         0.2854416091
       23.9100000000        -4.0768805276         0.6076070094
       24.0100000000        -0.0682622137         0.7583327876
       24.1100000000         3.7656774113         1.0896777954
       24.2100000000         8.5020076922        -0.9938626695
       24.3100000000         7.0641223176        -0.9357007575
       24.4100000000         4.0766309038         0.2317754584
       24.5100000000         0.7628984513        -0.5211916553
       24.6100000000        -3.0957653493         1.9696410092
       24.7100000000        -3.1025160214         1.5360759532
       24.8100000000        -0.9376139056        -1.5078446918
       24.9100000000        -0.6362627379         0.4230364735
