        0.0100000000         1.0408596220        -1.0043533722
        0.1100000000         1.6046262460        -2.2727413530
        0.2100000000         1.3681776063        -1.8200940731
        0.3100000000         2.3186350042        -1.4065349649
        0.4100000000         1.4654348489        -2.1110846932
        0.5100000000         0.6267905603        -1.0411991390
        0.6100000000        -2.1702987512         1.6196822906
        0.7100000000        -0.5649914158         0.3077211788
        0.8100000000         2.1380877582         0.7889706112
        0.9100000000         0.1246474549         0.5681527923
        1.0100000000         0.1838122089         1.0812310378
        1.1100000000         0.9236192695        -0.7954573409
        1.2100000000        -0.1154408645        -1.1604215729
        1.3100000000        -0.5646448201        -0.8404087471
        1.4100000000        -3.9391713321        -3.1958070649
        1.5100000000        -3.6829184680        -2.2789140658
        1.6100000000        -3.0333895749         1.8392000712
        1.7100000000        -1.7559180210         2.0054568890
        1.8100000000         0.1349808406         0.6655709346
        1.9100000000         0.2678397146        -0.1598029825
        2.0100000000         0.6284851383        -0.4064920519
        2.1100000000         0.5796033878        -1.1603417234
        2.2100000000        -3.5161972267         0.2014167392
        2.3100000000        -2.7169978591         2.7347187179
        2.4100000000         0.8624451718         0.9054318598
        2.5100000000         0.2322467955        -0.6905400355
        2.6100000000        -1.1004393204         0.4574429359
        2.7100000000         0.9345961141         0.9165099844
        2.8100000000         1.4235741135        -1.4201761357
        2.9100000000        -2.5311622354        -2.7120112494
        3.0100000000        -0.3585987350        -0.8929512282
        3.1100000000         0.9916370373         0.6113327887
        3.2100000000        -1.4626064333        -1.1595930184
        3.3100000000        -2.3490990652         0.7952534940
        3.4100000000        -1.6723817269        -3.0105594994
        3.5100000000        -1.5038414277         0.0677110925
        3.6100000000         1.2560420554         0.3989297713
        3.7100000000        -0.0102399518        -0.0616837873
        3.8100000000         0.6048430242         0.8348874910
        3.9100000000         0.2849116596         0.1242666430
        4.0100000000        -0.7528903347         0.5577134509
        4.1100000000         0.4457161348         0.8197153984
        4.2100000000        -0.2792900289         0.8202971372
        4.3100000000        -1.4396457190         0.4480642870
        4.4100000000         2.3831373788         1.0520483434
        4.5100000000         3.5507813857         0.5283197207
        4.6100000000         4.3277931058        -0.5519599554
        4.7100000000         2.7561755927         2.1247236918
        4.8100000000         4.3305249387         0.8708237311
        4.9100000000         2.9174427520         0.8843861548
        5.0100000000         2.8871311135         0.1372305347
        5.1100000000         3.0279162707         0.5614751519
        5.2100000000         1.4317940057         2.2494908638
        5.3100000000         2.5074819587         0.4122476010
        5.4100000000         0.1233605389         1.7014578429
        5.5100000000        -0.1635041991         0.8714781145
        5.6100000000        -0.6828622315         2.5783244475
        5.7100000000        -0.8462241029         2.1900174804
        5.8100000000         0.6029553747         0.2810645318
        5.9100000000         1.9914784763        -1.1899591606
        6.0100000000         1.3951511973        -1.3127160200
        6.1100000000        -0.9476204488        -1.0406175948
        6.2100000000        -0.5765635217        -1.5172946467
        6.3100000000        -2.2451726608        -1.3771197825
        6.4100000000        -2.2366911555        -3.5362455608
        6.5100000000        -1.5351302158        -0.2840210563
        6.6100000000        -1.9723741684         1.1169800444
        6.7100000000        -1.8008906352         1.4059032150
        6.8100000000        -1.9799555983        -0.3438234067
        6.9100000000        -2.4512110836        -4.3295693224
        7.0100000000        -0.2050880843        -3.7528985454
        7.1100000000        -1.0603761884        -4.3510297538
        7.2100000000        -0.1557806457        -1.4967308493
        7.3100000000        -1.8123724506         0.9208409200
        7.4100000000        -1.6498949149        -0.0565432939
        7.5100000000         0.0062254846         0.2032629665
        7.6100000000        -0.9092560386         0.4959017859
        7.7100000000         0.7541278967         0.3247451942
        7.8100000000         5.5485081925        -0.2970587530
        7.9100000000         7.3698089658        -0.1856802642
        8.0100000000        -2.2926162616        -0.3745608160
        8.1100000000        -4.5530808720        -2.5372688824
        8.2100000000       -16.0922957509         1.9205088076
        8.3100000000       -16.9302268854         6.2071972520
        8.4100000000        -3.7199575759         3.8525588526
        8.5100000000        13.5914203469        -3.5443071432
        8.6100000000        20.9688460218        -5.1232993215
        8.7100000000        12.6798719459        -2.8988690089
        8.8100000000         3.1449373503         0.4045023608
        8.9100000000         1.1828042486         5.8381512545
        9.0100000000        -0.9676016555         5.0150933256
        9.1100000000         1.5443672185         2.3228679784
        9.2100000000        -3.9533602408         2.1142289254
        9.3100000000        -9.9717806944         5.1834697767
        9.4100000000       -12.0256669959         2.2368930509
        9.5100000000        -5.9988970172         0.5382645412
        9.6100000000        -3.7486482189         0.4942365908
        9.7100000000         3.0271725667         0.0189677031
        9.8100000000         6.3685513700         1.4087587779
        9.9100000000        14.8336230649        -0.5254312472
       10.0100000000        21.2888530997        -2.1801467746
       10.1100000000        11.5023697497        -2.2794230983
       10.2100000000        -8.4917861565         2.0015483575
       10.3100000000       -30.6032322325         5.8708345650
       10.4100000000       -37.0984884569         5.8521486866
       10.5100000000       -26.3859888643         6.0231847203
       10.6100000000        -2.8986171181         0.2131534810
       10.7100000000        21.7367017507        -6.7924465326
       10.8100000000        29.8749432670       -10.6949147024
       10.9100000000        20.4201267399        -8.0980783342
       11.0100000000        10.3783904244        -5.6086724538
       11.1100000000        -2.1106616101         1.0088720964
       11.2100000000       -14.7198513397         3.6203453641
       11.3100000000       -14.6045232849        -0.1194979061
       11.4100000000        -5.8785681926        -0.9871873135
       11.5100000000         3.6853861008        -3.1559460674
       11.6100000000         7.6904238558        -3.7941329723
       11.7100000000         4.5969108996        -3.4622587086
       11.8100000000         0.0404454382        -0.9051023934
       11.9100000000         4.6837774617        -2.9355709994
       12.0100000000         3.6841924090        -0.5535751927
       12.1100000000         4.3382924292        -0.8851235964
       12.2100000000         4.2705999383        -1.3063664267
       12.3100000000        -3.1586720307        -1.2217529869
       12.4100000000       -10.2704410760        -1.5946114312
       12.5100000000       -11.2232330660        -0.0005103549
       12.6100000000        -8.3966178428         2.2336188768
       12.7100000000        -1.8031599456         1.3507257589
       12.8100000000         4.4986021946        -0.2598688281
       12.9100000000        13.0185689083         0.6632095144
       13.0100000000        14.8828756513        -1.1829191103
       13.1100000000        10.9871469658        -1.6755627246
       13.2100000000        -0.0951134036        -0.4684625112
       13.3100000000        -8.2664172732         1.3166596694
       13.4100000000       -13.4334095669         2.1513589451
       13.5100000000       -13.4235680409         3.6252800092
       13.6100000000        -2.5178115429         1.0852217089
       13.7100000000         9.4036105083        -0.3401894236
       13.8100000000        11.1068163595         1.5758723264
       13.9100000000         9.3303737415        -0.3236825276
       14.0100000000         4.6588317470         3.8749163808
       14.1100000000         0.8468717560         2.4344778988
       14.2100000000        -0.3308398055         0.9653203990
       14.3100000000        -2.3407880238         1.4161063801
       14.4100000000        -6.0851904717         2.8844723051
       14.5100000000        -5.7514747456         2.7583759114
       14.6100000000        -6.5406411081         2.5394494717
       14.7100000000        -1.0376251237         3.1764827270
       14.8100000000         3.1659770122         2.0157448398
       14.9100000000         7.6881745303        -0.2636704359
       15.0100000000        10.4446492660        -1.9234084569
       15.1100000000         8.2715830756        -0.6060638418
       15.2100000000         2.9254641451        -1.7722459072
       15.3100000000        -2.8472095151         0.4856949144
       15.4100000000       -13.1982415891         1.5346209638
       15.5100000000       -11.9916663305         0.5098555886
       15.6100000000       -10.2843207619        -0.5597421913
       15.7100000000        -5.6904320461         0.7175948137
       15.8100000000         1.6264805333        -0.4670016185
       15.9100000000         6.3648811338        -1.8847511924
       16.0100000000         5.7488713512        -1.1806768331
       16.1100000000         9.9694656028        -2.0773169611
       16.2100000000         8.0755228973        -2.0496718801
       16.3100000000         3.7505947550        -0.5614391528
       16.4100000000        -5.5933198386        -0.0993409665
       16.5100000000       -11.0297732098         1.2124795614
       16.6100000000       -12.0225104043         1.6489683721
       16.7100000000        -9.0250627891        -0.1770110277
       16.8100000000        -2.8060911083        -1.2177829795
       16.9100000000         3.8000031595        -1.1438355816
       17.0100000000         9.7093548581        -1.6553231805
       17.1100000000         9.9581636708        -0.8280965232
       17.2100000000         4.3919314888         0.3447391090
       17.3100000000        -1.3610989748         0.7914636852
       17.4100000000        -3.4654155207         2.2404849116
       17.5100000000        -5.5516928451         1.6474695328
       17.6100000000        -8.4178525174         1.4425186660
       17.7100000000        -5.4050833143        -1.7978531228
       17.8100000000         1.0347340465        -5.1368770541
       17.9100000000         4.0533527412        -5.6057839634
       18.0100000000         3.4687108237        -2.8638419325
       18.1100000000         2.7927404836        -1.8226020058
       18.2100000000        -2.1550434962        -1.2814386013
       18.3100000000        -4.7082129125        -0.7039298384
       18.4100000000        -1.7436068378         1.9474863372
       18.5100000000         1.1148804737        -1.0129327855
       18.6100000000        -1.6392916568        -0.3315598247
       18.7100000000        -5.1218303950         0.9542808134
       18.8100000000        -2.3578321533         0.9690440707
       18.9100000000         5.6468867421         0.9994728877
       19.0100000000         9.7770691591        -1.3719005305
       19.1100000000         6.7357607214         0.4690222476
       19.2100000000         5.4114571392        -0.6692353864
       19.3100000000         0.9098010183         2.4606595369
       19.4100000000        -1.4212845362         0.6950558662
       19.5100000000        -3.6010912081         0.4207698475
       19.6100000000        -6.0021956530         2.0708824691
       19.7100000000        -3.1935949224         3.7934030212
       19.8100000000         4.9508068251        -1.3109534610
       19.9100000000         5.6788675317        -1.9500906928
       20.0100000000         3.6790948706         0.8081753579
       20.1100000000         6.6057085774        -0.3047709095
       20.2100000000         0.4993880101         2.6092830033
       20.3100000000        -5.9334809899         1.8866016275
       20.4100000000        -6.6516835192         1.1514557639
       20.5100000000        -2.7475639725         1.2560477129
       20.6100000000         2.2576487678         0.0505512907
       20.7100000000         1.9532072055         0.1525931479
       20.8100000000         2.0893215673        -1.1283209753
       20.9100000000         3.0152811959         0.1605346561
       21.0100000000         3.9886181558         0.6753701331
       21.1100000000        -0.5968921879         0.4498974267
       21.2100000000         0.6130933570        -0.0951471076
       21.3100000000         2.5804639811        -2.6889709704
       21.4100000000        -0.7352139959        -2.7284164594
       21.5100000000        -5.6690509106         0.4037421441
       21.6100000000        -7.8781403691         0.9258037816
       21.7100000000        -6.7556201810         1.7260695933
       21.8100000000        -2.8866996938         2.9156790407
       21.9100000000         1.7006550979         0.5838048851
       22.0100000000         8.0984918192        -1.0784653908
       22.1100000000         7.1106898462        -1.9927431488
       22.2100000000         2.7856613535        -1.1291034168
       22.3100000000        -2.2706051032         1.3756748471
       22.4100000000        -3.5317982820         0.6906379186
       22.5100000000        -2.6415510119         0.9833381572
       22.6100000000        -4.4421873459        -2.3447562772
       22.7100000000        -3.4061838194        -1.5910765750
       22.8100000000        -1.3951533750         0.3624660462
       22.9100000000        -1.0803059234         1.3211631480
       23.0100000000         1.0153556818        -0.6369985487
       23.1100000000         2.8841420304        -1.2476525433
       23.2100000000         3.6590684347        -2.0076121682
       23.3100000000         1.2908377198        -0.1184632772
       23.4100000000        -0.1193662714        -0.8282298700
       23.5100000000        -0.0476849680        -0.4649219589
       23.6100000000        -1.1280811109        -0.3701527235
       23.7100000000        -4.1357067933         0.6120388255
       23.8100000000        -6.2174364583         0.3464591792
       23.9100000000        -4.5503161673         0.6532615100
       24.0100000000        -0.5381319755         0.7887035793
       24.1100000000         3.3049808653         1.1050428222
       24.2100000000         8.0561693808        -0.9930323054
       24.3100000000         6.6388408123        -0.9487496697
       24.4100000000         3.6775492952         0.2056745355
       24.5100000000         0.3955307351        -0.5593614098
       24.6100000000        -3.4261120660         1.9205220220
       24.7100000000        -3.3908229896         1.4772408333
       24.8100000000        -1.1792352806        -1.5750755022
       24.9100000000        -0.8270124880         0.3487886319
