        0.0266666667        -0.1413832187         0.3389060643
        0.1266666667        -0.2336075816         0.1337178374
        0.2266666667        -0.2788361121        -0.4238907334
        0.3266666667        -0.5117794732        -0.2889473482
        0.4266666667        -0.2704825034        -0.5593386264
        0.5266666667         0.2114725019        -0.3415619006
        0.6266666667         0.7229426911        -1.4188718930
        0.7266666667         0.0647149462         0.1967147659
        0.8266666667         0.2698133754         0.1639700503
        0.9266666667         0.4805965500        -0.1734763506
        1.0266666667         0.4838284111        -0.0353114715
        1.1266666667         0.8249113382        -0.3501398942
        1.2266666667         1.0645688554        -0.8191749081
        1.3266666667         0.2002947454        -0.4706225310
        1.4266666667         0.8114075666        -0.9940120079
        1.5266666667         0.1047410329        -0.8070551878
        1.6266666667         0.4800103360        -1.4489630258
        1.7266666667         0.6519935448        -0.3903602904
        1.8266666667         0.6283301087         0.6163955567
        1.9266666667         0.1252276472         0.5170255598
        2.0266666667         0.2961359527        -0.1633716115
        2.1266666667         0.2597296108         0.3009337322
        2.2266666667         0.1521030311         0.0703233239
        2.3266666667         1.0540637249        -1.5983671359
        2.4266666667         1.2594614748        -2.0292382961
        2.5266666667         1.5577961726        -1.2717508940
        2.6266666667         1.7592641770        -1.6562744696
        2.7266666667         0.9003145233        -1.7589032811
        2.8266666667         1.3127996107        -0.9692454120
        2.9266666667         0.2826547794         0.0944490203
        3.0266666667         0.9693574820         0.0987373561
        3.1266666667         0.3694197578        -1.0888648846
        3.2266666667         0.6545303775        -0.9917958648
        3.3266666667        -1.0759158705         0.0701339219
        3.4266666667        -0.9750328741         1.6223184237
        3.5266666667        -1.3362855482         1.1895409329
        3.6266666667         0.5237133102        -0.9086295405
        3.7266666667        -0.7233358473         0.4476383260
        3.8266666667         0.0339003880         0.2749828035
        3.9266666667        -0.1342741745         0.3296569645
        4.0266666667        -1.4909684653         2.1815475819
        4.1266666667        -0.6535468630         1.2649706129
        4.2266666667        -0.2405873531         0.6978271264
        4.3266666667        -2.2862937386         2.8579833476
        4.4266666667        -2.6628043319         2.4581671918
        4.5266666667        -1.7415711464         4.3470269168
        4.6266666667        -2.2846342347         2.6285042568
        4.7266666667        -2.1207756606         2.9101562807
        4.8266666667        -1.3215949250         2.5263882882
        4.9266666667        -0.5642400699         2.5098985908
        5.0266666667        -1.3390159996         2.8035076237
        5.1266666667        -1.5142156965         1.8519473845
        5.2266666667        -1.1917931736         0.9058684117
        5.3266666667        -1.5439961421         0.4292512489
        5.4266666667         0.5582809428        -0.9214565399
        5.5266666667        -0.4794852691         2.4506489483
        5.6266666667        -0.0528033309         1.3514781915
        5.7266666667        -1.0721737855         1.9847240998
        5.8266666667        -1.2989262317         2.0563284008
        5.9266666667        -0.1607635948         1.2507483220
        6.0266666667         0.1216092641         0.9757634717
        6.1266666667        -1.3208886890         0.4440955792
        6.2266666667         0.8522485010        -0.4510772786
        6.3266666667         0.4238837252        -1.2814896494
        6.4266666667        -0.6068728603        -0.3315694744
        6.5266666667        -0.9412986644         0.1539064332
        6.6266666667        -0.5842310125         0.2529003709
        6.7266666667        -0.5053814025        -0.4892876391
        6.8266666667        -0.6639301983         0.5339891167
        6.9266666667         0.5650756420        -1.4491852118
        7.0266666667         0.7650868802        -1.6776934729
        7.1266666667         0.4837219992        -2.8428810079
        7.2266666667        -0.6033410971        -1.6020392574
        7.3266666667        -0.3962674171        -1.0092717483
        7.4266666667         0.0662250173        -2.2650302333
        7.5266666667         0.1102189442        -1.3501361166
        7.6266666667         0.6196299562        -1.2312717650
        7.7266666667        -1.5337520369        -1.1913315134
        7.8266666667        -0.1217341934        -2.4062688745
        7.9266666667         5.8470321009        -5.7800623018
        8.0266666667         0.7411274276        -2.4897920044
        8.1266666667        -0.7675503544       -11.7197136218
        8.2266666667         2.7290792546         0.6231270412
        8.3266666667        -7.0194300460        -5.3819887308
        8.4266666667       -11.6864206980        12.6575120922
        8.5266666667        -1.9644418480         0.8419523993
        8.6266666667         1.9360989943        14.3198419795
        8.7266666667        13.3137833706       -11.8335012048
        8.8266666667        22.4151944037       -19.0839903805
        8.9266666667         7.0098340014        -4.0932152931
        9.0266666667        -8.5930677514        -2.5271351788
        9.1266666667       -11.2849519348        20.4779293877
        9.2266666667       -12.0889825768        13.2212273892
        9.3266666667         0.9024177029        -8.3296915623
        9.4266666667         9.9402719326       -18.9931694732
        9.5266666667         4.8688139437        -7.2514131075
        9.6266666667        18.4017994729       -11.2955433851
        9.7266666667         7.8591429261        -7.3848180434
        9.8266666667        -2.2484360374        15.3743862677
        9.9266666667       -15.8136444545        20.2373990106
       10.0266666667       -16.5658822025        29.8582024844
       10.1266666667        -6.5070540643         5.7990717637
       10.2266666667        11.5912750228       -14.7729632570
       10.3266666667        25.8740527813       -31.5625593816
       10.4266666667        22.5828272434       -25.0838133804
       10.5266666667         0.7244670038       -14.6597336208
       10.6266666667       -17.8568321802         7.4246729669
       10.7266666667       -14.2185687837        28.1225318135
       10.8266666667        -9.5414168086        33.0495520560
       10.9266666667        -6.6524009250        23.1401333835
       11.0266666667         4.5920323438        -7.2562147773
       11.1266666667        16.0916491788       -22.0526100961
       11.2266666667         4.4910599832       -16.2924037551
       11.3266666667        14.2075285654        -3.3324170197
       11.4266666667       -14.6160426781         6.2926683819
       11.5266666667       -11.1140416215        14.2681731520
       11.6266666667        -8.8323998464         8.7040060010
       11.7266666667        -2.8889585066        -0.5918712863
       11.8266666667         8.0896771668        -4.9760767271
       11.9266666667         8.4072564792        -4.8249009480
       12.0266666667         0.3017547181        -2.1889045434
       12.1266666667        -6.2107625452         7.7275902955
       12.2266666667       -11.2466277723         6.6830247580
       12.3266666667        -2.3492262267         9.9543526012
       12.4266666667        -4.6656041101        -2.3193038872
       12.5266666667        10.0266792773       -10.8016277961
       12.6266666667        -0.7785216643        -7.4724492544
       12.7266666667         0.4538211549        -2.5624928192
       12.8266666667        -1.0545744968         2.0202695450
       12.9266666667        -5.6146829409        13.1887725574
       13.0266666667        -2.9829616902         7.8381132668
       13.1266666667        -3.7692111724         9.0659131430
       13.2266666667        -3.4235464299        -1.7918822885
       13.3266666667         5.9695709871       -17.2381713204
       13.4266666667         3.2660061102       -10.3267613977
       13.5266666667         2.2218413348        -3.3220117546
       13.6266666667        -2.0932667026        -3.0766595859
       13.7266666667        -6.4144494251         6.3910550102
       13.8266666667        -6.5283806787        11.0038777678
       13.9266666667         4.7560943437        -1.9022640412
       14.0266666667         3.3833410897        -1.7325880209
       14.1266666667         2.1176491926        -3.9226866795
       14.2266666667        -3.3788707572        -4.8602908387
       14.3266666667         1.8949709251        -1.5991845438
       14.4266666667        -2.6945433298         3.3883455193
       14.5266666667        -3.1650093461        -1.1844783573
       14.6266666667        -2.4830103089         0.1533593387
       14.7266666667         1.2027374152        -2.0109992486
       14.8266666667         2.4966319100        -7.7408111188
       14.9266666667         1.5148164119         4.4378662535
       15.0266666667         1.2658186769         9.4902461201
       15.1266666667        -0.5258981225         3.3886159177
       15.2266666667         0.1834109962         2.6066992290
       15.3266666667        -4.5997361256         2.5142957457
       15.4266666667        -2.7940529732         0.1289082889
       15.5266666667         2.5968437299        -8.0924734841
       15.6266666667         7.2428602329        -8.5094702871
       15.7266666667         0.9428863393        -4.2833135048
       15.8266666667         0.2873395128        -0.8310954244
       15.9266666667         4.1949957982        -2.6460246269
       16.0266666667        -0.8452889310         6.8050199615
       16.1266666667        -2.1384882620         9.0377482550
       16.2266666667         0.8174450934         4.1116480612
       16.3266666667        -0.1778289538         4.5274084105
       16.4266666667        -4.2878821975        -1.7880205452
       16.5266666667         1.2589771489        -7.8951861833
       16.6266666667         4.0983732720        -5.0665990452
       16.7266666667         4.8469159928        -4.0556104833
       16.8266666667         0.4891739566        -3.0523759239
       16.9266666667         0.9277047871         2.5433370222
       17.0266666667        -0.9317372951         2.4734608390
       17.1266666667        -1.4120656662         8.1946958702
       17.2266666667         2.5586122663         8.0730020613
       17.3266666667         2.1564373629        -7.6385079421
       17.4266666667         3.0538914180        -9.3404344409
       17.5266666667         2.2013034531        -3.8419138147
       17.6266666667        -2.6457947556        -2.9469543868
       17.7266666667         4.2564054933        -5.4736378745
       17.8266666667        -4.3263252300         8.1794356799
       17.9266666667        -0.1961125937        -0.3142608999
       18.0266666667        -3.0168326289         5.8131012813
       18.1266666667         1.4694857128         1.9512895102
       18.2266666667         2.0420212829        -2.0498962763
       18.3266666667        -0.6659445533         1.3438438385
       18.4266666667         2.0244174146         0.0371250130
       18.5266666667        -2.2305891160        -3.0373836814
       18.6266666667        -1.0413964692        -0.1605841311
       18.7266666667         7.1032595189        -5.9579289575
       18.8266666667         0.9914283529        -1.4922130375
       18.9266666667        -4.0261796558         5.4988094848
       19.0266666667        -1.5909207370         3.5971173991
       19.1266666667        -3.1001077361        10.0868078399
       19.2266666667         1.4931884009        -1.1607624127
       19.3266666667         0.2066316565        -3.6691071655
       19.4266666667         1.4509483074        -4.0369176475
       19.5266666667         4.0104740406        -8.4700575446
       19.6266666667        -3.3610715400        -4.0047433871
       19.7266666667         2.0480245613         0.0215830055
       19.8266666667        -2.0821686552         4.7994663030
       19.9266666667       -10.0210328102        13.1157130452
       20.0266666667         2.4742592756         5.6315281983
       20.1266666667        -1.1849894970        -0.5342897775
       20.2266666667         1.4602986585        -5.4055460687
       20.3266666667        -0.5232743803        -1.0893694930
       20.4266666667         1.4994469613        -4.6713815821
       20.5266666667        -1.5437432168        -0.0388467148
       20.6266666667        -5.5836333830         3.5262431775
       20.7266666667         0.0338619746         3.0552112558
       20.8266666667         1.8962759732         1.8740841498
       20.9266666667        -2.4096630888         1.8265347966
       21.0266666667        -0.0540725386        -2.0958600257
       21.1266666667         0.6377515988        -3.5513041656
       21.2266666667        -0.8845638681         0.6870160805
       21.3266666667         1.8627873696         2.2937004193
       21.4266666667        -3.7884364609         1.7478908903
       21.5266666667         2.2735487975        -7.2271997620
       21.6266666667         2.4139455671        -1.3783884430
       21.7266666667        -3.5568198203        -3.1617179237
       21.8266666667         1.7356564191        -0.3993000990
       21.9266666667        -3.4916294499         3.8957395925
       22.0266666667        -2.5558719511         4.9512917001
       22.1266666667        -0.9255444831         2.1462026928
       22.2266666667        -0.6817050176         4.1875277659
       22.3266666667        -1.0858524126        -4.1692224073
       22.4266666667         0.5833880651        -7.0506246105
       22.5266666667         3.7452493915        -0.9415802671
       22.6266666667         0.7300997666         2.5053009363
       22.7266666667        -2.9514558675        -0.7627995301
       22.8266666667         2.2359842746        -1.9609509052
       22.9266666667        -0.3246248041         0.3481654372
       23.0266666667         2.7968306501         2.5519408063
       23.1266666667        -1.0014442595         5.2855656658
       23.2266666667         1.4628291439         0.7505589402
       23.3266666667         2.8648324028        -0.1692557394
       23.4266666667         1.6216371750         4.4642193580
       23.5266666667         2.9776567858        -3.1201137074
       23.6266666667         2.8122959794        -4.3571298889
       23.7266666667        -1.1354622704        -0.6114506146
       23.8266666667         2.7987452085        -5.3167380816
       23.9266666667         5.6275108423        -0.7052057117
       24.0266666667        -2.4436659167         0.9938807265
       24.1266666667        -0.6550468318        -0.2445144112
       24.2266666667        -0.6816043081         3.0520894831
       24.3266666667        -0.0937535469         6.1637771190
       24.4266666667         0.7792738904        -1.5041987604
       24.5266666667        -0.6167454973        -4.7394035256
       24.6266666667        -0.7545525133        -0.5607923107
       24.7266666667        -3.8484660993        -1.0171323891
       24.8266666667         2.3284187138        -1.9302555526
       24.9266666667        -0.2840358625        -3.0316509513
