        0.0266666667        -0.6655882093         1.0024836647
        0.1266666667        -0.7477478819         0.7748276780
        0.2266666667        -0.7804094746         0.1915939007
        0.3266666667        -0.9983443872         0.2978773196
        0.4266666667        -0.7396699628        -0.0040713552
        0.5266666667        -0.2380524065         0.1794018656
        0.6266666667         0.2952705314        -0.9347931411
        0.7266666667        -0.3390196889         0.6415040945
        0.8266666667        -0.1080143878         0.5672543117
        0.9266666667         0.1305201316         0.1862867414
        1.0266666667         0.1632140951         0.2791237270
        1.1266666667         0.5353279722        -0.0826210851
        1.2266666667         0.8074358652        -0.5999349335
        1.3266666667        -0.0231246585        -0.3007910274
        1.4266666667         0.6228026990        -0.8744801430
        1.5266666667        -0.0481158772        -0.7384711248
        1.6266666667         0.3636628078        -1.4317285344
        1.7266666667         0.5727411787        -0.4246285220
        1.8266666667         0.5865802308         0.5307211174
        1.9266666667         0.1212071693         0.3802909614
        2.0266666667         0.3298902710        -0.3505721049
        2.1266666667         0.3311223675         0.0641073265
        2.2266666667         0.2608167410        -0.2150469603
        2.3266666667         1.1996012626        -1.9309620354
        2.4266666667         1.4411484159        -2.4075072761
        2.5266666667         1.7747839784        -1.6939192146
        2.6266666667         2.0105342067        -2.1203513317
        2.7266666667         1.1846828562        -2.2626910161
        2.8266666667         1.6289226552        -1.5103496745
        2.9266666667         0.6290356434        -0.4813918980
        3.0266666667         1.3443530743        -0.5090868802
        3.1266666667         0.7712485887        -1.7257585488
        3.2266666667         1.0812810216        -1.6546982262
        3.3266666667        -0.6262756881        -0.6155840113
        3.4266666667        -0.5046466103         0.9170953223
        3.5266666667        -0.8473976381         0.4682246283
        3.6266666667         1.0287681467        -1.6425417693
        3.7266666667        -0.2045279570        -0.2953039352
        3.8266666667         0.5639798272        -0.4733720663
        3.9266666667         0.4045395310        -0.4204589377
        4.0266666667        -0.9460014209         1.4333387766
        4.1266666667        -0.1050386952         0.5223358509
        4.2266666667         0.3088309541        -0.0355856201
        4.3266666667        -1.7386024173         2.1374038536
        4.4266666667        -2.1194705899         1.7539778027
        4.5266666667        -1.2052063841         3.6627126480
        4.6266666667        -1.7578180711         1.9674611140
        4.7266666667        -1.6060434759         2.2756744490
        4.8266666667        -0.8214255948         1.9216357641
        4.9266666667        -0.0810439475         1.9379053365
        5.0266666667        -0.8751232046         2.2671503216
        5.1266666667        -1.0718647657         1.3539348664
        5.2266666667        -0.7731201285         0.4487278358
        5.3266666667        -1.1510240260         0.0153150934
        5.4266666667         0.9236520084        -1.2900626002
        5.5266666667        -0.1434830799         2.1292806770
        5.6266666667         0.2522032120         1.0790272470
        5.7266666667        -0.7996405014         1.7626327479
        5.8266666667        -1.0601872581         1.8857936257
        5.9266666667         0.0430232456         1.1327149684
        6.0266666667         0.2894552752         0.9109185797
        6.1266666667        -1.1897979794         0.4328639436
        6.2266666667         0.9459479312        -0.4085362934
        6.3266666667         0.4797378115        -1.1852840173
        6.4266666667        -0.5891337195        -0.1820751193
        6.5266666667        -0.9617579445         0.3560463311
        6.6266666667        -0.6427852954         0.5067773820
        6.7266666667        -0.6017405144        -0.1848438764
        6.8266666667        -0.7976182536         0.8875719593
        6.9266666667         0.3947182904        -1.0481423575
        7.0266666667         0.5589007901        -1.2311138870
        7.1266666667         0.2427248982        -2.3529237502
        7.2266666667        -0.8779589292        -1.0710895215
        7.3266666667        -0.7031486245        -0.4399300378
        7.4266666667        -0.2714014454        -1.6601004049
        7.5266666667        -0.2564810112        -0.7126123379
        7.6266666667         0.2256740129        -0.5643244442
        7.7266666667        -1.9530093661        -0.4982922588
        7.8266666667        -0.5642105618        -1.6906145507
        7.9266666667         5.3835367686        -5.0453982532
        8.0266666667         0.2589202982        -1.7398345200
        8.1266666667        -1.2660662308       -10.9582717218
        8.2266666667         2.2167418364         1.3921704139
        8.3266666667        -7.5430298398        -4.6092814348
        8.4266666667       -12.2186643435        13.4299108892
        8.5266666667        -2.5026644165         1.6100554590
        8.6266666667         1.3945955951        15.0796675323
        8.7266666667        12.7717169300       -11.0859090461
        8.8266666667        21.8752887812       -18.3525411773
        8.9266666667         6.4748054053        -3.3817519100
        9.0266666667        -9.1205245129        -1.8394135865
        9.1266666667       -11.8021771613        21.1382600333
        9.2266666667       -12.5933652763        13.8506442894
        9.3266666667         0.4134263909        -7.7345657869
        9.4266666667         9.4691455581       -18.4355483012
        9.5266666667         4.4179378792        -6.7343283148
        9.6266666667        17.9734584237       -10.8218280191
        9.7266666667         7.4555088841        -6.9570902674
        9.8266666667        -2.6253153326        15.7537383682
        9.9266666667       -16.1618564875        20.5662315726
       10.0266666667       -16.8836600251        30.1346288800
       10.1266666667        -6.7927859543         6.0214744006
       10.2266666667        11.3390366420       -14.6059224205
       10.3266666667        25.6565832105       -31.4519296755
       10.4266666667        22.4012222158       -25.0303476804
       10.5266666667         0.5796362742       -14.6638820782
       10.6266666667       -17.9641703240         7.3627676698
       10.7266666667       -14.2878920521        28.0030376402
       10.8266666667        -9.5724024520        32.8729491902
       10.9266666667        -6.6449282590        22.9072141697
       11.0266666667         4.6378804514        -7.5443475454
       11.1266666667        16.1755858771       -22.3945465536
       11.2266666667         4.6125950749       -16.6864320142
       11.3266666667        14.3659702189        -3.7765298845
       11.4266666667       -14.4215851402         5.8007650463
       11.5266666667       -10.8846538617        13.7310504170
       11.6266666667        -8.5693575877         8.1245002684
       11.7266666667        -2.5937215598        -1.2106714556
       11.8266666667         8.4154719046        -5.6308453022
       11.9266666667         8.7618030270        -5.5120905805
       12.0266666667         0.6830869855        -2.9047641177
       12.1266666667        -5.8047608506         6.9869967859
       12.2266666667       -10.8182123446         5.9217980882
       12.3266666667        -1.9007805181         9.1767370364
       12.4266666667        -4.1996268942        -3.1089429307
       12.5266666667        10.5075870769       -11.5988270478
       12.6266666667        -0.2853725106        -8.2726717323
       12.7266666667         0.9564485784        -3.3611527033
       12.8266666667        -0.5452907557         1.2277814333
       12.9266666667        -5.1016082534        12.4070627981
       13.0266666667        -2.4689890137         7.0717595386
       13.1266666667        -3.2572449161         8.3194377159
       13.2266666667        -2.9164861011        -2.5140391254
       13.3266666667         6.4688472674       -17.9316777489
       13.4266666667         3.7546581343       -10.9874203317
       13.5266666667         2.6970832879        -3.9457867214
       13.6266666667        -1.6341499031        -3.6597000773
       13.7266666667        -5.9740860234         5.8523888693
       13.8266666667        -6.1092962994        10.5129913834
       13.9266666667         5.1514920573        -2.3422225853
       14.0266666667         3.7527773262        -2.1187496842
       14.1266666667         2.4589962202        -4.2524819108
       14.2266666667        -3.0675800354        -5.1314686033
       14.3266666667         2.1744116538        -1.8098297965
       14.4266666667        -2.4485609623         3.2397960486
       14.5266666667        -2.9538974270        -1.2697345252
       14.6266666667        -2.3079747084         0.1322162027
       14.7266666667         1.3407058797        -1.9675974167
       14.8266666667         2.5967651399        -7.6328280337
       14.9266666667         1.5765754590         4.6100656051
       15.0266666667         1.2888988818         9.7258921772
       15.1266666667        -0.5415633385         3.6865336324
       15.2266666667         0.1291742609         2.9653096039
       15.3266666667        -4.6921290308         2.9316198684
       15.4266666667        -2.9239457479         0.6025738980
       15.5266666667         2.4303463515        -7.5652228814
       15.6266666667         7.0408889916        -7.9317637386
       15.7266666667         0.7068024474        -3.6586383868
       15.8266666667         0.0187281382        -0.1632806884
       15.9266666667         3.8956580456        -1.9392215585
       16.0266666667        -1.1733455231         7.5463594174
       16.1266666667        -2.4930606807         9.8088955314
       16.2266666667         0.4387429573         4.9076242818
       16.3266666667        -0.5781053521         5.3430128752
       16.4266666667        -4.7070231230        -0.9581798216
       16.5266666667         0.8238193950        -7.0566600154
       16.6266666667         3.6501668617        -4.2250628547
       16.7266666667         4.3887309907        -3.2168284790
       16.8266666667         0.0241627425        -2.2221638653
       16.9266666667         0.4590815855         3.3591502787
       17.0266666667        -1.4007176684         3.2690728010
       17.1266666667        -1.8781297207         8.9643706502
       17.2266666667         2.0987342437         8.8111111605
       17.3266666667         1.7059884542        -6.9374445588
       17.4266666667         2.6160649610        -8.6817072384
       17.5266666667         1.7792198163        -3.2305828229
       17.6266666667        -3.0491113572        -2.3878088552
       17.7266666667         3.8747610042        -4.9711567351
       17.8266666667        -4.6835342902         8.6211222495
       17.9266666667        -0.5262867652         0.0628867145
       18.0266666667        -3.3175577095         6.1223866878
       18.1266666667         1.2004181307         2.1898439287
       18.2266666667         1.8065943099        -1.8844561126
       18.3266666667        -0.8659914048         1.4343004359
       18.4266666667         1.8612296692         0.0512682396
       18.5266666667        -2.3557146952        -3.1003217478
       18.6266666667        -1.1275464477        -0.3007906096
       18.7266666667         7.0566970973        -6.1749949632
       18.8266666667         0.9847541116        -1.7851224521
       18.9266666667        -3.9929841425         5.1316870327
       19.0266666667        -1.5181983917         3.1580291282
       19.1266666667        -2.9885290355         9.5786157851
       19.2266666667         1.6426248672        -1.7345882299
       19.3266666667         0.3926012214        -4.3045005135
       19.4266666667         1.6718049366        -4.7292329291
       19.5266666667         4.2642577829        -9.2140917999
       19.6266666667        -3.0766243142        -4.7947635115
       19.7266666667         2.3605810175        -0.8081921933
       19.8266666667        -1.7443319644         3.9366268382
       19.9266666667        -9.6610009275        12.2269172949
       20.0266666667         2.8531667359         4.7242534046
       20.1266666667        -0.7907364462        -1.4522499468
       20.2266666667         1.8661837797        -6.3261390970
       20.3266666667        -0.1096248680        -2.0043460949
       20.4266666667         1.9168708015        -5.5723620047
       20.5266666667        -1.1266234795        -0.9173909258
       20.6266666667        -5.1709484773         2.6785618013
       20.7266666667         0.4379669309         2.2467291757
       20.8266666667         2.2876809765         1.1129683400
       20.9266666667        -2.0350121007         1.1207013884
       21.0266666667         0.2998781640        -2.7388285338
       21.1266666667         0.9672060839        -4.1242424845
       21.2266666667        -0.5832083068         0.1907723661
       21.3266666667         2.1326773727         1.8802318467
       21.4266666667        -3.5531001805         1.4226125715
       21.5266666667         2.4715631790        -7.4596173901
       21.6266666667         2.5722300458        -1.5140956887
       21.7266666667        -3.4402747006        -3.1977578069
       21.8266666667         1.8088873442        -0.3336752612
       21.9266666667        -3.4628196730         4.0640060208
       22.0266666667        -2.5720924657         5.2221022810
       22.1266666667        -0.9868805587         2.5183399381
       22.2266666667        -0.7876963870         4.6586174992
       22.3266666667        -1.2354765471        -3.6027375455
       22.4266666667         0.3917272086        -6.3935004922
       22.5266666667         3.5137266282        -0.1997744324
       22.6266666667         0.4614674369         3.3246392735
       22.7266666667        -3.2538761363         0.1257544988
       22.8266666667         1.9036512943        -1.0126265542
       22.9266666667        -0.6824652253         1.3457409861
       23.0266666667         2.4183862992         3.5872459631
       23.1266666667        -1.3951311576         6.3461647608
       23.2266666667         1.0596697592         1.8232081963
       23.3266666667         2.4583210725         0.9015156960
       23.4266666667         1.2181776221         5.5186427943
       23.5266666667         2.5838595210        -2.0968905435
       23.6266666667         2.4348929275        -3.3801634033
       23.7266666667        -1.4897118817         0.3041940034
       23.8266666667         2.4743331048        -4.4772773164
       23.9266666667         5.3394348791         0.0436399942
       24.0266666667        -2.6892099087         1.6383527155
       24.1266666667        -0.8522893743         0.2827519536
       24.2266666667        -0.8253308859         3.4505095261
       24.3266666667        -0.1794369233         6.4231734422
       24.4266666667         0.7553392665        -1.3922636556
       24.5266666667        -0.5761821150        -4.7813497871
       24.6266666667        -0.6478307907        -0.7607486791
       24.7266666667        -3.6751427361        -1.3766704196
       24.8266666667         2.5674492553        -2.4481376886
       24.9266666667         0.0183595481        -3.7035987713
